 -1.594562
  0.442724
  3.362516
  9.122270
  2.930094
 -3.969758
 -1.276666
  0.376507
 -1.899723
 -0.753630
 -1.261962
 -2.231617
 -2.169651
 -6.688350
-14.421092
-12.480827
 -3.258300
 -1.237670
 -2.374583
 -0.657891
 -1.188958
 -2.544671
 -3.421728
-12.086424
-15.686466
 -5.514895
  0.103251
 -2.288759
 -1.395466
 -0.664426
 -3.070133
 -4.240785
 -9.281468
-15.028062
 -4.871656
  5.057943
 -0.864416
 -1.884225
 -0.085933
 -0.719652
 -5.359625
 -7.095799
-13.289415
 -8.457282
  5.365077
  5.313314
 -1.702427
 -0.375654
  0.044765
 -0.781992
 -6.342934
 -9.049213
-13.600372
 -3.125775
  6.229481
  1.563362
 -1.911749
 -0.292455
 -0.902330
 -1.323405
 -5.231614
 -3.768359
  0.026481
  8.359239
  4.891464
 -0.584832
  0.844999
  2.798551
  5.356710
  6.493766
 -0.679145
  9.209637
 23.559361
 25.810337
 20.560844
 16.923090
 18.398275
 19.766352
 21.582365
 20.796225
  0.615322
  8.528905
 19.406225
 20.757210
 19.197262
 17.689190
 16.059809
 13.858461
 11.708864
  7.195458
 -0.167162
 -0.491060
 -1.735048
 -3.524094
 -2.675743
 -2.376298
 -2.881554
 -2.718837
 -3.594792
 -5.447582
 13.569721
 10.273717
 -6.155622
 -9.241280
 -4.525599
 -2.656143
 -4.227108
 -2.365493
 -0.323354
 -0.567103
 -0.561020
-16.415169
-12.274078
  6.506619
  8.350588
  4.897504
  3.536113
  0.800823
  0.675480
 -0.709082
 -9.972238
 -7.622634
  9.166175
 18.859673
  4.703951
  1.798371
  5.613706
  1.714053
 -0.170485
 -0.806646
 -2.687216
  9.028859
 20.205826
 11.340580
 -3.339958
 -0.377974
  2.023448
 -0.701347
 -1.493700
 -0.994569
  2.094051
 17.792810
 16.490387
 -0.796077
 -6.023905
 -0.734057
 -0.747118
 -0.603509
 -0.268934
 -0.296200
  8.387358
 16.917122
  4.749813
 -4.837770
 -0.388671
  1.350234
  2.615468
  2.387368
  2.003673
  2.435683
  7.502650
  1.729859
-11.477068
 -9.424307
 -3.249668
  0.802238
  5.119425
  8.926875
  8.879701
  1.606161
  2.268971
 -7.824807
-10.523814
 -3.951060
 -0.762271
  1.213023
  5.935310
  8.387415
  2.375784
 -6.815657
 -3.121085
 -8.315926
 -5.420655
 -0.943775
 -1.647800
 -1.440933
 -2.884871
 -6.985438
-10.298594
 -9.158266
 -2.772178
 -5.719280
 -6.515765
 -4.226982
 -5.864877
-11.269531
-13.725164
-13.177385
-10.159178
 -5.684668
 -4.819451
 -9.030391
-14.048215
 -9.367944
 -1.561565
  0.173401
 -1.642713
  1.167099
  0.355443
  1.045090
 -0.115858
-12.123652
-18.186857
-15.148745
-14.965075
-12.872226
 -7.630086
 -3.926870
 -2.351135
  0.552868
  2.801983
 -5.727781
 -7.993727
 -6.140716
-11.361591
-11.860491
 -8.278080
 -7.708299
 -3.968704
  0.786250
 -0.592826
  0.819418
  8.679193
  1.957960
-10.123221
 -9.031470
 -9.560439
 -8.881484
 -3.283585
  0.518000
 -1.731534
  3.139740
  3.900615
 -8.493232
-12.938525
 -8.127182
 -9.524526
 -6.045092
 -1.011610
  0.547243
 -1.220543
  1.997887
 -2.314035
-11.490580
-11.982159
 -9.374990
 -4.635989
  1.346060
  3.826973
  2.125011
  1.859070
  3.922362
  2.684369
  2.811563
  1.183916
  0.247865
  5.900587
  9.798880
  8.566126
  7.710649
  0.513938
 -6.875513
 -4.649630
  3.895680
  5.874490
  6.142207
  7.711189
  6.285128
  5.203673
  8.703394
  1.305888
-11.458200
-15.863026
-11.406647
 -8.496401
 -7.163181
 -4.674995
 -4.646515
 -2.814157
 -0.380232
  2.679671
 -3.596547
 -5.586876
 -5.773257
 -8.124377
 -8.419868
 -7.949681
 -8.084994
 -6.428517
 -2.647846
 -4.151316
 -4.438630
 -3.074265
 -3.202229
 -5.755024
 -3.064027
 -1.134470
 -1.700446
 -1.348266
 -0.213406
 -2.038474
  3.773342
  8.186413
  9.776595
  3.031865
 -2.175519
 -3.894162
 -5.334914
 -3.143839
 -0.344111
  4.777017
  9.327975
  6.060843
  2.700731
 -1.304370
 -6.693557
 -9.683761
 -8.033721
 -3.008110
 -0.425972
  2.454053
 -0.756225
 -4.539871
 -3.204428
 -5.781395
-11.298098
-11.127111
 -6.579601
 -0.609435
  0.004340
 -0.835640
 -4.192369
 -5.222048
 -5.650581
 -9.795146
-11.844629
 -8.671433
 -2.608019
  0.645440
 -0.013984
 -3.636791
 -5.964995
 -4.886501
 -7.095174
-10.966975
 -9.984682
 -3.896687
  1.773041
  3.153860
  3.249324
 -5.600482
 -5.462577
 -2.947352
 -3.281667
 -1.654938
  3.015236
 10.453865
 12.638958
 12.372302
 10.884280
 -5.934796
 -6.547809
 -4.886837
 -5.788476
 -4.084936
 -0.529906
  3.074531
  3.175407
  1.156005
 -0.734988
 -0.206639
  4.022453
  5.631807
  5.791058
  4.288113
  2.286623
  1.627546
  2.858040
  4.065546
  6.581600
  4.264362
 10.949931
 14.442349
 15.700915
 16.410238
 17.474934
 18.229996
 17.500999
 17.150757
 12.436695
  0.111325
 -0.496903
 -0.532988
  0.067869
 -0.232187
 -0.604186
 -0.109801
 -0.180920
 -0.188446
 -0.168364
 -0.153067
 -0.191331
  0.360154
  0.293178
 -0.683297
 -0.572020
  0.006439
 -0.188149
 -0.209690
 -0.151070
 -0.153781
  0.066186
  0.305548
 -0.242516
 -0.912316
 -0.288561
  0.081290
 -0.235723
 -0.203786
 -0.143455
 -0.115466
  0.166340
  0.077645
 -0.952094
 -0.722973
  0.145752
 -0.147408
 -0.409926
 -0.105185
 -0.145740
  0.042155
  0.087288
 -0.641865
 -0.633248
  0.324459
  0.212816
 -0.459133
 -0.320186
  0.072311
 -0.146549
  0.134715
 -0.034354
 -0.568631
 -0.030879
  0.417983
 -0.168578
 -0.297093
  0.032030
  0.069815
 -0.118419
  0.145503
 -0.257451
 -0.562549
  0.087459
  0.033774
 -0.525248
 -0.456064
 -0.180080
 -0.325690
 -0.261864
  0.078750
 -0.121550
 -0.153935
 -0.004346
 -0.545118
 -0.693422
 -0.243231
 -0.378003
 -0.351290
 -0.205088
 -0.162292
 -0.220478
 -0.057195
 -0.092481
 -0.547008
 -0.468734
 -0.153359
 -0.248452
 -0.190365
 -0.185300
 -0.184735
 -0.184972
  0.034435
 -0.302491
 -0.453545
 -0.185915
 -0.163867
 -0.143358
 -0.192705
 -0.183365
 -2.445241
  3.212689
  6.155869
  5.900014
  5.127163
  2.454216
  0.994834
  0.812243
  0.149074
 -1.266995
  6.465693
 16.223053
 20.675407
 11.236525
  1.800134
 -3.403574
 -2.992250
 -1.931032
 -2.089849
 -1.844925
 11.817302
 12.045311
  6.553384
  0.687767
 -5.177995
 -8.532537
 -5.924632
 -3.342084
 -2.788791
 -2.297016
  2.895699
 -1.838590
 -5.961407
 -4.272690
 -6.229002
 -7.930923
 -4.544537
 -2.476928
 -1.779247
 -1.590018
 -2.403974
 -4.191600
 -3.391056
 -3.926420
 -5.435987
 -4.305970
 -3.459705
 -1.668630
 -0.796117
 -1.144753
 -3.663741
 -2.425932
 -1.364448
 -4.643249
 -7.576659
 -4.905183
 -3.016700
 -1.131203
 -0.403845
 -0.525655
 -3.577470
 -1.910894
 -4.924365
 -9.252945
 -5.928783
 -1.883314
  0.711102
  1.433316
  1.325211
  0.166479
 -2.385351
 -0.859951
 -2.661732
 -4.020378
 -0.702311
  0.762195
  1.877338
  3.237246
  6.269788
  6.831700
  2.090356
  6.132399
  8.644279
 13.814907
 19.803591
 22.594440
 22.100986
 23.215342
 24.297035
 21.851706
  6.242813
 11.950547
 15.889471
 20.475126
 24.689932
 28.463207
 29.875147
 27.815598
 21.063637
 14.245730
 -1.179260
  9.342248
 14.397932
  8.867491
  2.042979
 -1.463025
 -0.140515
  0.994710
  0.244166
 -0.675836
  8.429239
  7.585945
 -2.003512
 -7.995235
 -5.918767
 -4.411270
 -1.381887
  0.182564
 -1.233365
 -1.113334
  2.039572
 -5.349875
 -9.137706
 -4.828074
 -4.533510
 -3.580086
  2.363567
  1.841346
 -1.549117
 -0.460705
 -0.181349
 -1.764621
 -1.834119
 -2.413017
 -3.555051
  0.862772
  2.300387
 -0.591599
 -0.821560
 -0.411491
 -1.309890
 -1.597612
  0.434258
 -2.588319
 -1.416614
  1.930699
 -0.744392
 -1.677668
 -0.861456
 -0.161044
 -2.860675
 -1.711478
 -4.178070
 -5.854809
  0.309877
  2.972349
 -0.147735
  0.777581
  1.359604
  0.310945
 -2.491240
 -1.837171
 -4.162130
 -4.367096
 -1.570692
 -1.832762
  0.259613
  0.706060
 -0.689639
 -3.367721
 -2.732795
 -3.011426
 -4.599346
 -4.149877
 -5.968250
 -5.631394
 -4.237553
 -0.104774
  3.172785
  4.617778
  3.216485
  4.432316
  4.784545
  7.341988
  9.514027
 11.871593
 14.902185
 16.473888
 14.336780
  9.905344
  2.852167
  3.407916
  2.547961
  2.577974
  3.812332
  4.448011
  3.448713
  1.304224
  0.031193
 -0.855486
 11.328757
  4.224169
 -5.664257
 -5.878506
 -1.399049
  0.674783
 -6.800413
 -6.117137
 -1.321813
 -0.584197
  6.410454
 -2.622518
 -5.426793
  3.408203
  1.188797
 -8.510606
 -8.213824
  4.776034
  6.183404
  0.223129
 -2.634728
 -2.348587
  5.410118
  4.976251
-10.699797
-15.741450
 -1.243912
 11.504435
  6.390142
  0.580048
  1.501329
  6.162879
  7.226940
 -2.847710
-15.896577
 -6.304452
  9.312139
  9.424977
  0.110568
  0.253358
  2.867575
  4.499666
 -2.560314
-11.756822
 -8.988529
  8.544641
 12.951917
  3.235557
  0.393636
  4.604195
  3.844226
  4.546096
 -1.944116
 -1.920000
 10.947182
 23.946486
 18.515520
 10.300568
 13.695576
 13.588218
  4.481361
 -1.170259
 -8.151649
 -3.601668
  4.414741
  4.135207
 -5.371909
 -6.110818
 -1.959931
 -2.002080
  8.494230
  0.588358
 -7.347653
 -3.970326
 -1.524107
 -8.583884
 -9.284585
 -4.024996
 -3.334806
 -1.393419
  5.952390
  0.688538
 -0.943708
  2.938374
  0.399035
 -4.900714
 -1.192258
  2.610722
  2.662594
  1.850283
 -0.078820
 -2.867804
 -1.545392
  1.848531
 -3.058149
 -5.385384
 -2.191955
 -0.657987
  0.360769
 -0.670912
 -2.039019
  2.735482
  5.797969
  0.253364
 -7.498753
 -7.560313
 -4.705737
 -5.150377
 -1.986306
 -2.003183
  2.957978
  3.686592
 -2.602461
 -8.534974
-10.489549
 -6.906462
  0.995787
 -2.400868
 -1.670720
 -1.004623
 -2.160260
 -8.770887
-12.931246
-10.986709
 -8.720699
 -3.534063
  2.205987
 -2.774275
 -0.707270
 -0.272608
 -4.200657
-11.690969
-16.015985
-10.148386
 -3.171304
  1.079723
  0.835895
 -4.222593
 -0.684501
  0.541507
 -5.864123
-10.788517
 -9.106956
 -3.317955
 -0.667743
  2.160847
 -0.991618
 -3.124718
  0.865864
  1.853875
 -6.148421
 -7.196909
 -3.906510
  0.436990
  4.842941
  3.940451
 -0.024100
  1.037141
  3.521062
  2.590915
 -5.767761
 -6.284040
 -2.409933
  1.960947
  1.485546
 -3.470145
 -3.007551
 -1.309009
 -1.559818
 -2.389710
 -0.551091
  0.960356
  9.040495
 18.467531
  9.408242
 -2.333521
  0.682888
  5.500116
  5.300901
  2.528991
 -0.206886
  1.290592
 14.945547
 26.087990
 15.664482
  7.135713
  7.133340
  6.386140
  0.132019
 -5.572703
 -2.258777
 -2.956519
  0.696562
  5.638324
  2.386704
 -2.427329
 -5.769367
-10.369731
-13.642129
-15.104218
 -1.026326
 -1.772646
 -0.986291
 -0.391907
 -0.770605
 -0.904329
 -0.707674
 -0.948057
 -0.732028
 -0.662059
 -1.324941
 -1.418487
 -0.411366
 -0.944676
 -1.515399
 -0.544417
 -0.424893
 -0.968981
 -0.767454
 -0.635937
 -0.783213
 -0.273381
 -0.264256
 -1.673440
 -1.063978
 -0.309389
 -0.637777
 -0.899192
 -0.417733
 -0.569215
 -0.379542
 -0.352950
 -1.253064
 -1.586993
 -0.580875
 -0.557221
 -0.993213
 -0.855978
 -0.304683
 -0.704488
 -0.452675
 -0.594278
 -1.584106
 -0.925259
 -0.338841
 -0.882749
 -0.982955
 -0.379303
 -0.532940
 -0.842012
 -0.296906
 -0.859400
 -0.789000
  0.130354
 -0.146463
 -0.454260
 -0.127988
 -0.131080
 -0.566667
 -0.644143
 -0.666246
 -1.259356
 -0.592030
 -0.013309
 -0.869909
 -1.295418
 -0.783119
 -1.168214
 -1.136379
 -0.969651
 -1.034960
 -1.759850
 -0.892274
 -1.002266
 -1.824742
 -1.837641
 -2.008333
 -1.993461
 -1.465456
 -1.121376
 -0.956069
 -1.369925
 -1.111959
 -1.349644
 -1.250337
 -1.194411
 -1.237038
 -0.945984
 -0.681726
 -0.465972
 -0.889149
 -1.028819
 -1.355356
 -1.542768
 -1.316530
 -0.987242
 -0.791431
 -0.736439
 -0.691326
 -0.564417
 -0.523121
 -1.148823
 -1.781684
 -1.639616
 -1.673899
 -1.072365
 -0.764692
 -0.309553
 -0.399001
 -0.579177
 -1.004922
 -0.746822
 -0.850317
 -1.403980
 -0.932692
 -0.365522
 -0.444260
 -0.340141
 -0.647446
 -0.606466
 -0.501110
 -0.100458
 -0.361188
 -0.969219
 -0.210260
  0.314625
 -0.493157
 -0.138047
 -0.243517
 -0.730890
 -0.322954
 -0.252465
 -0.680380
 -0.872913
 -0.146972
 -0.324008
 -0.843690
  0.073057
 -0.288013
 -0.785225
 -0.462023
 -0.447103
 -0.644089
 -0.190066
 -0.317412
 -0.733951
 -0.443706
  0.125526
 -0.471479
 -0.641753
 -0.436126
 -0.390924
 -0.510953
 -0.199834
 -0.365799
 -0.270626
  0.046247
 -0.155501
 -0.621889
 -0.647817
 -0.476134
 -0.417096
 -0.233910
 -0.282304
 -1.027835
 -0.178915
  0.299297
 -0.305202
 -0.624994
 -0.650862
 -0.387293
 -0.485237
 -0.217689
 -0.937078
 -0.846793
 -0.417426
 -0.896074
 -1.470248
 -1.628192
 -1.529974
 -0.852645
 -0.856251
 -0.844098
 -1.962299
 -1.774573
 -1.915919
 -2.265598
 -2.395709
 -2.377518
 -2.096503
 -0.843515
 -0.881132
 -1.161225
 -1.778390
 -1.959703
 -2.084047
 -2.188033
 -1.680852
 -1.571626
 -1.018128
 -6.190798
-11.952649
-12.708422
-14.304975
 -3.247833
 11.480947
 12.996738
  6.863704
  1.412040
 -1.752991
 -6.496659
 -9.438147
-11.133819
-10.952382
 -2.647031
  2.124184
 -2.504213
 -2.824168
 -0.927171
 -3.213921
 -2.384089
 -2.801824
 -5.486952
 -3.527463
 -2.692651
 -9.685787
-15.996219
-10.542221
 -5.679804
 -3.956774
 -0.487616
 -1.370151
 -2.263940
 -2.070509
 -7.946672
-12.720473
-11.021527
 -5.385832
 -4.804512
 -2.637071
 -1.059904
 -4.087009
 -5.703656
 -7.953339
-13.261042
 -9.124391
 -1.170350
 -2.325657
 -2.746029
 -1.445812
 -2.776479
 -6.345037
 -8.834563
-15.824814
-14.637337
 -1.430821
  4.036666
 -0.978436
  0.046515
  1.185029
 -3.945036
 -8.506104
-10.587527
-16.711197
 -8.739542
  0.877802
 -0.543947
 -1.193634
 -0.365622
  1.422213
 -4.005875
 -6.854810
 -5.908296
 -3.508149
  7.765811
  6.022995
 -0.705459
 -2.849494
 -4.956632
 -3.700256
 -2.039461
 -1.961388
  1.155534
  9.585423
 12.834491
  6.379604
  0.918949
 -2.964768
 -4.063883
 -1.432295
 -1.414801
 -2.475739
 -0.646064
  0.912104
 -0.564282
 -1.924280
 -3.320520
 -3.494035
 -2.922788
 -1.376333
 -5.043862
 -8.824398
 -9.073795
 -8.718218
 -3.488385
 -2.241320
  5.383241
 15.348372
 10.534410
  1.388797
 -2.599468
 -4.887794
 -6.946086
 -9.454044
 -5.884592
 -5.442000
 -4.440412
  7.871205
  5.941535
 -0.289858
  3.503177
  5.114313
  0.894935
 -5.111981
 -1.376953
 -1.694719
 -5.473755
  0.352540
  0.154649
 -1.432157
  6.222736
  7.352067
  5.359784
  1.325307
 -2.034935
 -5.933843
 -5.011277
  0.586456
 -0.870769
 -2.398324
  2.264103
  2.645455
  1.813116
 -4.910477
 -9.180887
 -6.405901
  2.671214
  3.520478
 -1.604235
 -3.712344
  0.112499
 -0.383435
 -2.118894
 -9.365486
-11.397623
 -3.268471
  5.198026
  0.358252
 -5.852957
 -5.510554
 -1.311503
 -3.331617
 -5.379714
-12.784369
 -9.964188
 -2.361152
 -5.784081
-14.543682
-15.554943
-12.430239
 -2.589247
 -9.445345
-13.872301
-16.982895
 -8.556860
 -2.666765
-12.400501
-18.331135
-15.550415
-13.419025
 -1.963536
 -7.911660
-13.438068
-16.005817
 -6.172157
 -2.442869
 -8.249691
 -8.873152
 -7.825486
 -8.691576
  1.463531
  1.188148
 -1.248385
 -8.253988
 -9.608097
 -8.413980
 -7.758644
 -3.948479
 -2.602980
 -2.054787
 -1.479308
 -3.736156
 -4.613727
 -4.226774
 -0.174479
 16.182024
 20.348553
  8.784908
 -4.321214
 -2.211540
 -4.569688
-11.921170
-16.840830
-14.078186
 -0.898185
 15.393243
 18.430027
  7.380146
 -1.258650
 -1.425556
 -4.457228
-12.236138
-14.038261
 -9.375940
 -5.272150
  0.342255
  0.729226
 -1.160201
 -3.726536
 -2.650554
 -0.558894
 -2.069873
 -4.032171
 -7.415942
 -8.142043
 -8.232495
 -6.457621
 -5.040869
 -5.819255
 -2.953245
 -0.299639
 -0.731789
 -3.445393
 -6.737056
 -8.389827
 -6.805644
 -3.638926
 -5.439186
 -5.255238
 -2.520119
 -0.446842
 -2.633933
 -6.732713
 -9.563053
 -7.893900
 -3.173990
 -4.313533
 -5.955661
 -4.129209
 -2.291747
 -0.402717
 -5.398139
-13.385056
-11.822392
 -2.167978
  1.291122
 -3.108160
 -1.669823
  1.816198
  7.539158
 -1.244987
 -8.817303
-15.693529
 -8.746390
  1.483263
  1.729791
  3.450432
  5.575396
  5.651080
  2.678668
 -2.258911
-10.168550
-12.497410
 -5.188756
  1.043301
  0.860227
 -0.698359
 -4.227324
 -6.959953
 -4.175564
 -1.048229
 -7.138063
 -9.186192
 -8.317709
 -4.216377
 -4.251483
 -6.040295
 -6.765620
 -5.297174
 -1.540775
 -2.703152
 -5.625686
-12.335154
 -9.793133
 -9.312338
 -9.696048
 -4.579157
  2.866129
  4.010812
 -0.873946
 -5.172851
-11.645327
-15.218982
-10.203936
 -8.963024
-10.217405
 -2.266516
  5.699600
  4.625869
 -0.460068
-10.899109
-11.792148
 -9.140289
-10.131540
-12.113701
 -7.337899
  2.633585
  5.886283
  2.037704
 -0.995813
 -8.365610
 -6.006108
 -3.783085
 -3.839587
 -6.114847
 -2.136491
  4.908487
  1.973371
 -1.422708
 -1.399573
 -3.187096
  0.767102
  0.684307
 -3.459900
 -2.334439
  2.756282
  2.362528
 -1.656507
 -1.760937
 -0.973467
  2.866554
  9.190856
  5.572124
  2.609447
  6.923548
  7.554512
  1.647623
  0.622178
  0.908897
  0.088985
  6.370341
 10.844316
  7.174067
  9.534241
 14.418826
 10.999980
  3.393266
 -0.448059
 -1.063671
 -5.070426
  2.025102
 -0.977671
 -7.456998
 -9.438671
 -9.747706
-11.442153
-13.132469
-14.127103
-14.781322
-19.171124
 -3.783080
 -9.512795
-13.602511
-17.592857
-21.119373
-20.404339
-20.391565
-19.070480
-18.345652
-18.627142
 -7.257045
-12.474504
-14.056579
-16.959080
-20.472172
-19.356745
-18.736261
-18.367813
-16.791061
-15.973872
 -4.849020
 -3.043328
  0.945129
 -1.999161
 -3.316142
  2.223644
  1.225932
 -4.431902
 -1.747979
  1.355192
 -5.117712
 -1.693694
 -0.332113
 -0.237780
  8.233192
 12.714197
  3.110397
 -2.467427
  2.094099
  2.661259
 -2.920278
 -2.488162
 -2.150568
  6.910583
 19.096548
 14.453947
 -0.241074
 -0.489728
  5.436801
  2.809691
 -2.822357
 -3.035792
  3.362852
 15.878997
 21.011503
  7.944831
 -1.667715
  1.552837
  5.480095
  1.760342
 -2.185883
 -0.866051
 11.698821
 23.805126
 13.663210
 -2.470782
 -0.268122
  4.730145
  3.691000
 -0.239267
 -2.102674
  4.144396
 20.809565
 21.208420
  2.086268
 -6.685675
 -1.551852
  1.410049
 -2.999519
 -5.801768
 -2.149226
  6.078596
 15.660269
  7.797772
 -8.248178
-10.410007
 -5.901124
 -7.556605
-11.986113
-12.045712
 -1.374506
  2.683418
  1.573269
 -6.343983
-14.049204
-14.313261
-12.431254
-15.021132
-16.198080
-13.368693
 -2.689669
 -3.994453
 -7.915440
-12.101055
-17.818558
-17.494204
-16.854813
-16.347677
-16.986671
-14.911994
 -3.199227
 -6.055909
 -8.484168
-10.851099
-12.491621
-11.914141
-11.720718
-10.869391
-10.048337
 -8.244083
