  0.000000
  0.000000
  0.000000
  0.000000
  0.000000
  0.000000
  0.000000
  0.000000
  0.000000
  0.000000
  0.000000
  0.000000
  0.000000
  0.000000
  0.000000
  0.000000
  0.000000
  0.000000
  0.138643
  0.132110
  1.215578
  1.812558
  0.000000
  0.000000
  0.000000
  0.000000
  0.000000
  0.000000
  0.000000
  0.000000
  0.000000
  0.000000
  0.000000
  0.000000
  0.559132
  2.993254
  1.850966
  0.000000
  0.000000
  0.000000
  0.000000
  0.000000
  0.000000
  0.000000
  0.000000
  0.000000
  0.153515
  0.000000
  0.000000
  0.330087
  0.239330
  0.000000
  0.000000
  0.000000
  0.000000
  0.000000
  0.000000
  0.000000
  0.000000
  0.000000
  0.000000
  0.000000
  0.000000
  0.000000
  0.029492
  0.000000
  0.000000
  0.000000
  0.000000
  0.000000
  0.000000
  0.000000
  0.000000
  0.000000
  0.000000
  0.000000
  0.000000
  0.000000
  0.000000
  0.000000
  0.000000
  0.000000
  0.000000
  0.000000
  0.000000
  0.000000
  0.000000
  0.000000
  0.000000
  0.000000
  0.000000
  0.000000
  0.000000
  0.000000
  0.000000
  0.000000
  0.000000
  0.000000
  0.000000
  0.000000
  0.000000
  0.000000
  0.000000
  0.000000
  0.000000
  0.000000
  0.000000
  0.000000
  0.000000
  0.000000
  0.000000
  0.000000
  0.000000
  0.000000
  0.000000
  0.000000
  0.000000
  0.000000
  0.000000
  0.000000
  0.000000
  0.000000
  0.000000
  0.000000
  0.000000
  0.000000
  0.000000
  0.000000
  0.000000
  0.000000
  1.981980
  2.810863
  0.000000
  0.000000
  0.000000
  0.000000
  0.000000
  0.000000
  0.067954
  0.000000
  0.000000
  0.000000
  0.000000
  0.000000
  1.782452
  2.765537
  2.258244
  1.730834
  1.000658
  0.702027
  0.677085
  0.388806
  1.843589
  0.066740
  0.000000
  0.000000
  0.000000
  0.000000
  0.000000
  0.000000
  0.000000
  0.000000
  0.000000
  0.000000
  0.000000
  0.000000
  0.000000
  0.000000
  0.000000
  0.000000
  0.000000
  0.000000
  0.000000
  0.000000
  0.000000
  0.000000
  0.000000
  0.000000
  0.000000
  0.000000
  0.000000
  0.000000
  0.000000
  0.000000
  0.000000
  0.000000
  0.000000
  0.000000
  0.000000
  0.000000
  0.000000
  0.000000
  0.000000
  0.000000
  0.000000
  0.000000
  0.000000
  0.000000
  0.000000
  0.000000
  0.000000
  0.000000
  0.000000
  0.000000
  0.000000
  0.000000
  0.000000
  0.000000
  0.000000
  0.000000
  0.000000
  0.000000
  0.000000
  0.000000
  0.000000
  0.000000
  0.000000
  0.000000
  0.517573
  0.000000
  0.000000
  0.000000
  0.000000
  0.000000
  0.000000
  0.000000
  0.000000
  0.000000
  0.000000
  0.000000
  0.000000
  0.000000
  2.907588
  0.545695
  0.000000
  0.000000
  0.000000
  0.000000
  0.000000
  0.000000
  0.000000
  0.000000
  0.000000
  0.000000
  0.000000
  0.000000
  2.736159
  0.989817
  0.000000
  0.000000
  0.000000
  0.000000
  0.000000
  0.000000
  0.000000
  0.608567
  0.000000
  0.000000
  0.000000
  0.000000
  1.037861
  0.000000
  0.000000
  0.000000
  0.000000
  0.000000
  0.000000
  0.000000
  0.000000
  0.000000
  0.000000
  0.000000
  0.000000
  0.000000
  0.000000
  0.000000
  0.000000
  0.000000
  0.000000
  0.000000
  0.000000
  0.000000
  0.000000
  0.000000
  0.000000
  0.000000
  0.000000
  0.000000
  0.000000
  0.000000
  0.000000
  0.000000
  0.000000
  0.000000
  0.000000
  0.000000
  0.000000
  0.000000
  0.000000
  0.000000
  0.000000
  0.000000
  0.000000
  0.000000
  0.000000
  0.000000
  0.000000
  0.000000
  0.000000
  0.000000
  0.000000
  0.000000
  0.000000
  0.000000
  0.000000
  0.000000
  0.000000
  0.000000
  0.000000
  0.000000
  0.000000
  0.000000
  0.000000
  0.000000
  0.000000
  0.000000
  0.000000
  0.000000
  0.000000
  0.000000
  0.000000
  0.000000
  0.000000
  0.000000
  0.563559
  0.431460
  0.000000
  0.000000
  0.000000
  1.015868
  0.000000
  0.000000
  0.000000
  0.000000
  0.000000
  0.000000
  0.000000
  0.000000
  0.615610
  1.206026
  0.000000
  0.000000
  0.000000
  1.447827
  0.000000
  0.000000
  0.000000
  0.000000
  0.000000
  0.000000
  0.000000
  0.000000
  0.000000
  0.000000
  0.000000
  0.000000
  0.000000
  0.192886
  0.000000
  0.000000
  0.000000
  0.000000
  0.000000
  0.000000
  0.000000
  0.000000
  0.000000
  0.000000
  0.000000
  0.000000
  0.000000
  0.000000
  0.000000
  0.000000
  0.000000
  0.000000
  0.000000
  0.000000
  0.000000
  0.000000
  0.000000
  0.000000
  0.014163
  0.435240
  0.435240
  0.435240
  0.435240
  0.435240
  0.435240
  0.435240
  0.435240
  0.435240
  0.435240
  0.435240
  0.435240
  0.207071
  0.000000
  0.016657
  0.016657
  0.092889
  0.000000
  0.000000
  0.000000
  0.000000
  0.000000
  0.000000
  0.016657
  0.016657
  0.016657
  0.000000
  0.000000
  0.016657
  0.040113
  0.000000
  0.000000
  1.771986
  2.738763
  0.000000
  0.000000
  0.000000
  0.016657
  0.016657
  0.016657
  0.000000
  0.000000
  0.016657
  0.016657
  2.358788
  4.370370
  2.686841
  2.054538
  0.000000
  0.000000
  0.000000
  0.016657
  0.016657
  0.016657
  0.000000
  0.000000
  0.016657
  0.482763
  1.947984
  1.854954
  1.193182
  0.000000
  0.000000
  0.000000
  0.111344
  0.016657
  0.016657
  0.016657
  0.000000
  0.000000
  0.016657
  0.016657
  0.204310
  0.120157
  0.000000
  0.000000
  0.000000
  0.750005
  0.511752
  0.016657
  0.016657
  0.016657
  0.000000
  0.000000
  0.016657
  0.016657
  0.051841
  0.000000
  0.000000
  0.000000
  0.000000
  0.796992
  0.143826
  0.016657
  0.016657
  0.016657
  0.000000
  0.000000
  0.016657
  0.016657
  0.025227
  0.000000
  0.000000
  0.000000
  0.572003
  0.344117
  0.016657
  0.016657
  0.016657
  0.016657
  0.000000
  0.000000
  0.016657
  0.016657
  0.000000
  0.000000
  0.000000
  0.152785
  0.516991
  0.016657
  0.016657
  0.016657
  0.016657
  0.016657
  0.000000
  0.000000
  0.016657
  0.016657
  0.000000
  0.000000
  0.000000
  0.000000
  0.000000
  0.000000
  0.000000
  0.000000
  0.000000
  0.000000
  0.000000
  0.000000
  0.016657
  0.016657
  1.331272
  2.242317
  2.868118
  1.165329
  0.538386
  0.455993
  2.225855
  3.408426
  3.566604
  2.809419
  1.801420
  0.000000
  0.016657
  0.016657
  1.343742
  3.036137
  4.198923
  4.312128
  4.664266
  4.678296
  4.002078
  3.472239
  2.993183
  1.782599
  1.063239
  0.000000
  0.016657
  0.016657
  0.730949
  0.645869
  1.102151
  1.596850
  1.274473
  1.327575
  0.690781
  0.439025
  0.099418
  0.016657
  0.000000
  0.000000
  0.000000
  0.000000
  0.000000
  0.000000
  0.000000
  0.000000
  0.000000
  0.000000
  0.000000
  0.000000
  0.000000
  0.000000
  0.000000
  0.000000
  0.000000
  0.000000
  0.000000
  0.000000
  0.000000
  0.000000
  0.000000
  0.000000
  0.000000
  0.000000
  0.000000
  0.000000
  0.000000
  0.000000
  0.000000
  0.000000
  1.174565
  1.727970
  0.188289
  0.000000
  0.000000
  0.000000
  0.000000
  0.000000
  0.000000
  0.000000
  0.237555
  0.000000
  0.000000
  0.328559
  2.339619
  1.694692
  0.000000
  0.000000
  0.000000
  0.000000
  0.000000
  0.000000
  0.000000
  0.000000
  0.237555
  0.000000
  0.000000
  0.492359
  2.173450
  0.000000
  0.000000
  1.187421
  0.072583
  0.000000
  0.693058
  0.000000
  0.000000
  0.000000
  0.237555
  0.000000
  0.000000
  0.000000
  0.000000
  0.000000
  3.035650
  3.047142
  0.000000
  0.000000
  1.326895
  0.000000
  0.000000
  0.000000
  0.237555
  0.000000
  0.000000
  0.000000
  0.000000
  1.266126
  2.162708
  0.867274
  0.000000
  1.026866
  1.511905
  0.000000
  0.000000
  0.000000
  0.237555
  0.000000
  0.000000
  0.000000
  0.064589
  2.411743
  1.799366
  0.000000
  0.000000
  1.223089
  0.177017
  0.000000
  0.000000
  0.000000
  0.237555
  0.000000
  0.000000
  0.000000
  1.670047
  2.341740
  0.000000
  0.000000
  1.287684
  0.671563
  0.000000
  0.000000
  0.000000
  0.000000
  0.237555
  0.000000
  0.000000
  0.000000
  2.481516
  1.724014
  0.000000
  0.134767
  1.389857
  0.000000
  0.000000
  0.028510
  0.000000
  0.000000
  0.237555
  0.000000
  0.000000
  0.000000
  2.583541
  0.910256
  0.000000
  0.000000
  0.000000
  0.000000
  0.000000
  0.000000
  0.000000
  0.000000
  0.000000
  0.000000
  0.000000
  0.000000
  1.741536
  0.000000
  0.000000
  0.000000
  0.000000
  0.000000
  0.000000
  0.000000
  0.000000
  0.000000
  0.629993
  0.000000
  0.000000
  0.000000
  0.000000
  0.000000
  0.000000
  0.000000
  0.000000
  0.000000
  0.000000
  0.000000
  0.000000
  0.000000
  1.020631
  0.000000
  0.000000
  0.000000
  0.000000
  0.000000
  0.000000
  0.000000
  0.000000
  0.000000
  0.000000
  0.339643
  0.082302
  0.000000
  0.237555
  0.000000
  0.000000
  0.000000
  0.000000
  0.000000
  0.000000
  0.000000
  0.000000
  0.000000
  0.000000
  0.000000
  0.000000
  0.000000
  0.000000
  0.000000
  0.000000
  0.000000
  0.000000
  0.000000
  0.000000
  0.000000
  0.000000
  0.000000
  0.000000
  0.000000
  0.000000
  0.000000
  0.000000
  0.000000
  0.000000
  0.000000
  0.000000
  0.000000
  0.000000
  0.000000
  0.157725
  0.052562
  0.000000
  0.000000
  0.000000
  0.000000
  0.000000
  0.000000
  0.000000
  0.000000
  0.000000
  0.000000
  2.332506
  1.932851
  0.000000
  0.061772
  0.000000
  0.000000
  0.000000
  0.000000
  0.000000
  0.000000
  0.000000
  0.000000
  0.000000
  2.700086
  2.817913
  0.000000
  0.000000
  1.804258
  0.000000
  0.000000
  0.000000
  0.000000
  0.000000
  0.000000
  0.000000
  0.000000
  0.000000
  0.401287
  0.000000
  0.000000
  1.861961
  1.762255
  0.000000
  0.000000
  0.000000
  0.000000
  0.000000
  0.000000
  0.000000
  0.000000
  0.000000
  0.000000
  0.000000
  1.054228
  2.596624
  0.995979
  0.000000
  0.000000
  0.000000
  0.000000
  0.000000
  0.000000
  0.000000
  0.000000
  0.000000
  0.000000
  0.000000
  2.713364
  2.506848
  0.000000
  0.000000
  0.000000
  0.000000
  0.000000
  0.000000
  0.000000
  0.000000
  0.000000
  0.000000
  0.000000
  2.353042
  2.685810
  0.000000
  0.000000
  0.000000
  0.000000
  0.000000
  0.000000
  0.000000
  0.000000
  0.000000
  0.000000
  0.000000
  0.397701
  2.843693
  1.242437
  0.000000
  0.000000
  0.000000
  0.000000
  0.000000
  0.000000
  0.000000
  0.000000
  0.000000
  0.000000
  0.000000
  1.997651
  3.018816
  0.000000
  0.000000
  0.000000
  0.000000
  0.000000
  0.000000
  0.000000
  0.000000
  0.000000
  0.000000
  0.000000
  0.000000
  0.000000
  0.000000
  0.000000
  0.000000
  0.000000
  0.349322
  1.214520
  0.919013
  0.060729
  0.000000
  0.000000
  0.000000
  0.000000
  0.000000
  0.297850
  0.518640
  0.000000
  0.421491
  1.283475
  0.483553
  0.499532
  0.000000
  0.000000
  0.000000
  0.000000
  0.000000
  0.000000
  0.000000
  0.000000
  0.000000
  0.000000
  0.000000
  0.000000
  0.000000
  0.000000
  0.000000
  0.000000
  0.000000
  0.000000
  0.000000
  0.000000
  0.000000
  0.000000
  0.000000
  0.000000
  0.000000
  0.000000
  0.000000
  0.000000
  0.000000
  0.000000
  0.000000
  0.000000
  0.000000
  0.000000
  0.000000
  0.567125
  2.543864
  3.492081
  2.107779
  0.000000
  0.000000
  0.000000
  0.000000
  0.000000
  0.000000
  0.000000
  0.000000
  0.000000
  1.460130
  2.436488
  2.414458
  1.441339
  1.877392
  0.000000
  0.000000
  0.000000
  0.000000
  0.000000
  0.000000
  0.000000
  0.000000
  0.000000
  0.550708
  0.000000
  0.000000
  0.000000
  0.000000
  0.000000
  0.000000
  0.000000
  0.000000
  0.000000
  0.000000
  0.000000
  0.000000
  0.000000
  0.000000
  0.104657
  0.000000
  0.463710
  0.000000
  0.000000
  0.000000
  0.000000
  0.000000
  0.000000
  0.000000
  0.000000
  0.000000
  0.000000
  0.650286
  0.297248
  0.000000
  0.315349
  0.000000
  0.000000
  0.000000
  0.000000
  0.000000
  0.000000
  0.000000
  0.000000
  0.000000
  0.000000
  0.000000
  0.228860
  0.952091
  0.000000
  0.000000
  0.000000
  0.000000
  0.000000
  0.000000
  0.000000
  0.000000
  0.000000
  0.000000
  0.000000
  0.000000
  0.516468
  0.000000
  0.000000
  0.000000
  0.000000
  0.000000
  0.000000
  0.000000
  0.000000
  0.000000
  0.000000
  0.000000
  0.000000
  0.489118
  0.000000
  0.000000
  0.000000
  0.000000
  0.000000
  0.000000
  0.000000
  0.000000
  0.000000
  0.000000
  0.000000
  0.000000
  0.000000
  0.062733
  0.000000
  0.000000
  0.000000
  0.000000
  0.000000
  0.000000
  1.107794
  1.748794
  0.841219
  0.000000
  0.000000
  0.000000
  0.000000
  0.000000
  1.568916
  2.845618
  2.893040
  2.985246
  2.523079
  3.603715
  3.337673
  2.378736
  1.653100
  0.000000
  0.000000
  0.000000
  0.000000
  0.000000
  0.000000
  0.000000
  0.000000
  0.000000
  0.000000
  0.000000
  0.000000
  0.000000
  0.000000
  0.000000
  0.000000
  0.000000
  0.000000
  0.540599
  0.551555
  0.102131
  0.344494
  0.538300
  0.000000
  0.000000
  0.074264
  0.000000
  0.000000
  0.000000
  0.000000
  0.000000
  0.000000
  0.000000
  0.000000
  0.000000
  0.000000
  0.000000
  0.000000
  0.000000
  0.000000
  0.000000
  0.000000
  0.000000
  0.000000
  0.000000
  0.000000
  0.000000
  0.000000
  0.000000
  0.000000
  0.000000
  0.000000
  0.000000
  0.000000
  0.000000
  0.000000
  0.000000
