 -2.056051
 -1.979254
 -1.820588
 -1.820588
 -1.820588
 -1.820588
 -1.820588
 -1.820588
 -1.820588
 -1.820588
 -1.820588
 -1.820588
 -1.820588
 -1.820588
 -1.820588
 -1.820588
 -1.820588
 -1.820588
 -1.820588
 -1.820588
 -1.820588
 -1.820588
 -1.820588
 -1.820588
 -1.820588
 -1.820588
 -1.757766
 -1.644684
 -1.824527
 -1.802619
 -1.657597
 -1.657597
 -1.657597
 -1.657597
 -1.657597
 -1.657597
 -1.364525
 -1.315923
 -1.348120
 -1.357561
 -1.874698
 -2.371869
 -2.880851
 -3.324837
 -3.072292
 -2.427878
 -2.025691
 -1.657597
 -1.657597
 -1.657597
 -1.657597
 -1.657597
 -1.657597
 -1.657597
 -1.687024
 -1.779666
 -1.839529
 -1.781347
 -1.688347
 -1.688347
 -1.688347
 -1.688347
 -1.688347
 -1.261371
 -0.863637
 -0.567087
 -0.381492
 -1.145615
 -1.020170
 -0.893412
 -1.724481
 -3.090812
 -3.558011
 -3.464511
 -2.670789
 -1.807087
 -1.688347
 -1.688347
 -1.688347
 -1.688347
 -1.688347
 -1.688347
 -1.729687
 -1.775611
 -1.839529
 -1.781347
 -1.688347
 -1.688347
 -1.688347
 -1.688347
 -1.261371
 -0.796095
 -0.404389
  0.138643
  0.132110
 -0.600009
 -0.202481
  1.215578
  1.812558
  0.490734
 -1.735499
 -3.718491
 -3.151473
 -2.191428
 -1.688347
 -1.688347
 -1.688347
 -1.688347
 -1.688347
 -1.688347
 -1.729687
 -1.775611
 -1.839529
 -1.781347
 -1.688347
 -1.688347
 -1.688347
 -1.556970
 -0.829761
 -0.354884
 -0.364080
 -0.737262
 -0.786809
 -0.999254
 -1.260831
  0.559132
  2.516799
  2.993254
  1.460644
 -2.509244
 -3.346751
 -2.328510
 -1.688347
 -1.688347
 -1.688347
 -1.688347
 -1.688347
 -1.688347
 -1.729687
 -1.775611
 -1.839529
 -1.781347
 -1.688347
 -1.688347
 -1.688347
 -1.427540
 -0.824588
 -0.724299
 -0.731227
 -1.248330
 -2.134889
 -2.108188
 -0.758097
 -0.869260
  0.023121
  2.000348
  1.850966
 -1.126900
 -2.824630
 -2.043383
 -1.688347
 -1.688347
 -1.688347
 -1.688347
 -1.688347
 -1.688347
 -1.729687
 -1.775611
 -1.839529
 -1.781347
 -1.688347
 -1.688347
 -1.688347
 -1.689848
 -1.967433
 -2.046858
  0.045085
 -0.197537
 -1.328403
 -1.883883
 -1.074380
 -1.372898
 -1.342800
  0.330087
  0.239330
 -1.094301
 -2.282690
 -1.910704
 -1.688347
 -1.688347
 -1.688347
 -1.688347
 -1.688347
 -1.688347
 -1.729687
 -1.775611
 -1.839529
 -1.781347
 -1.688347
 -1.688347
 -1.688347
 -1.979802
 -3.281273
 -3.491975
 -0.715919
  0.153515
 -0.321707
 -0.726553
 -0.733734
 -0.887032
 -0.611604
 -0.344713
 -0.048702
 -1.679600
 -2.124189
 -1.532359
 -1.688347
 -1.688347
 -1.688347
 -1.688347
 -1.688347
 -1.688347
 -1.729687
 -1.775611
 -1.839529
 -1.781347
 -1.688347
 -1.688347
 -1.688347
 -1.920060
 -2.934238
 -3.502264
 -2.090911
 -0.814050
 -0.935777
 -0.609288
 -0.732361
 -1.797892
 -1.068689
 -0.683121
  0.029492
 -1.655739
 -1.546274
 -1.458345
 -1.688347
 -1.688347
 -1.688347
 -1.688347
 -1.688347
 -1.688347
 -1.729687
 -1.775611
 -1.839529
 -1.781347
 -1.688347
 -1.688347
 -1.688347
 -1.715871
 -1.755934
 -1.698494
 -1.685159
 -1.844135
 -1.077403
 -0.303969
 -0.637508
 -1.149872
 -1.269477
 -1.136302
 -0.692232
 -1.393023
 -1.201868
 -1.561572
 -1.688347
 -1.688347
 -1.688347
 -1.688347
 -1.688347
 -1.688347
 -1.729687
 -1.775611
 -1.839529
 -1.781347
 -1.688347
 -1.688347
 -1.688347
 -1.688347
 -1.699428
 -1.651327
 -1.681535
 -1.288120
 -0.981283
 -1.210525
 -1.460198
 -1.155884
 -1.180361
 -0.986230
 -1.020076
 -1.208022
 -1.274799
 -1.582797
 -1.688347
 -1.688347
 -1.688347
 -1.688347
 -1.688347
 -1.688347
 -1.729687
 -1.775611
 -1.839529
 -1.781347
 -1.688347
 -1.688347
 -1.688347
 -1.688347
 -1.688347
 -1.688347
 -1.625185
 -0.867284
 -0.434867
 -1.063832
 -2.060341
 -1.676094
 -1.214058
 -0.780556
 -1.095280
 -1.343242
 -1.364387
 -1.672739
 -1.688347
 -1.688347
 -1.688347
 -1.688347
 -1.688347
 -1.688347
 -1.729687
 -1.775611
 -1.839529
 -1.781347
 -1.688347
 -1.688347
 -1.688347
 -1.688347
 -1.688347
 -1.688347
 -1.156243
 -0.939363
 -0.867294
 -0.256053
 -1.462903
 -1.566456
 -1.551425
 -1.229159
 -1.262031
 -1.338951
 -1.590012
 -1.688347
 -1.688347
 -1.688347
 -1.688347
 -1.688347
 -1.688347
 -1.688347
 -1.729687
 -1.775611
 -1.839529
 -1.781347
 -1.688347
 -1.688347
 -1.688347
 -1.688347
 -1.688347
 -1.491281
 -0.839958
 -0.904733
 -1.666708
 -1.146477
 -1.003043
 -0.690853
 -1.486379
 -1.368607
 -1.369837
 -1.458669
 -1.688347
 -1.688347
 -1.688347
 -1.688347
 -1.688347
 -1.688347
 -1.688347
 -1.688347
 -1.729687
 -1.775611
 -1.839529
 -1.781347
 -1.688347
 -1.688347
 -1.688347
 -1.688347
 -1.640344
 -1.079412
 -0.835237
 -1.129390
 -0.727078
 -1.365254
 -1.289387
 -0.950001
 -1.569060
 -1.346891
 -1.438901
 -1.669617
 -1.688347
 -1.688347
 -1.688347
 -1.688347
 -1.688347
 -1.688347
 -1.688347
 -1.688347
 -1.729687
 -1.775611
 -1.839529
 -1.781347
 -1.688347
 -1.688347
 -1.688347
 -1.688347
 -1.325585
 -0.834313
 -1.033303
 -1.550555
 -0.949413
 -0.876987
 -0.936163
 -1.651498
 -1.375274
 -1.306583
 -1.633717
 -1.688347
 -1.688347
 -1.688347
 -1.688347
 -1.688347
 -1.688347
 -1.688347
 -1.688347
 -1.688347
 -1.729687
 -1.775611
 -1.839529
 -1.781347
 -1.688347
 -1.688347
 -1.688347
 -1.688347
 -0.927414
 -0.728965
 -1.088528
 -1.064086
 -1.462451
 -0.855852
 -0.625985
 -1.212676
 -1.376062
 -1.463352
 -1.688347
 -1.688347
 -1.688347
 -1.688347
 -1.688347
 -1.688347
 -1.688347
 -1.688347
 -1.688347
 -1.688347
 -1.729687
 -1.775611
 -1.839529
 -1.781347
 -1.688347
 -1.688347
 -1.688347
 -1.688347
 -1.055055
 -0.952985
 -0.232975
 -0.352980
 -1.441663
 -1.722425
 -1.738131
 -1.365144
 -1.476207
 -1.811571
 -1.799333
 -1.725356
 -1.659632
 -1.625836
 -1.384824
 -1.441043
 -1.619853
 -1.909274
 -2.703326
 -2.755247
 -2.615466
 -2.376424
 -1.839529
 -1.781347
 -1.688347
 -1.688347
 -1.688347
 -1.688347
 -1.598567
 -1.942262
  0.854839
  1.139010
  0.349489
 -1.705993
 -2.411662
 -2.351541
 -2.673721
 -3.049982
 -2.968906
 -2.496861
 -2.016253
 -1.993510
 -2.073580
 -1.879006
 -1.413702
 -1.697428
 -2.289125
 -3.228431
 -3.776439
 -3.133291
 -1.839529
 -1.781347
 -1.688347
 -1.688347
 -1.688347
 -1.688347
 -2.142170
 -2.520184
  1.184051
  1.981980
  2.810863
  0.337979
 -0.542536
 -0.637754
 -0.962841
 -1.344377
 -1.939818
 -1.751073
 -1.155551
 -0.696808
 -1.119096
 -1.327983
 -0.404903
 -0.081252
  0.067954
 -0.251603
 -2.349447
 -2.808815
 -1.839529
 -1.781347
 -1.688347
 -1.688347
 -1.688347
 -1.688347
 -2.716832
 -3.049970
  0.652243
  1.782452
  2.765537
  2.177344
  2.258244
  1.769362
  1.730834
  1.388488
  0.143582
 -0.426412
 -0.427369
  0.702027
  0.677085
  0.118388
  0.388806
  0.187095
  0.756276
  1.843589
  0.066740
 -1.703518
 -1.839529
 -1.781347
 -1.688347
 -1.688347
 -1.688347
 -1.688347
 -2.796795
 -4.173253
 -1.861320
 -0.036733
  0.043752
  0.099385
  0.629083
  0.882890
  1.374802
  1.588899
  1.000658
 -0.123498
 -0.697770
 -0.770431
 -1.193857
 -0.851671
 -0.609283
 -1.327182
 -1.253730
 -0.219771
 -0.166741
 -1.153712
 -1.839529
 -1.781347
 -1.688347
 -1.688347
 -1.688347
 -1.688347
 -2.258603
 -3.431532
 -3.841994
 -2.612088
 -1.751537
 -1.799164
 -2.010156
 -1.710835
 -0.811405
 -0.568006
 -0.411186
 -1.153682
 -1.464249
 -1.438349
 -2.186257
 -2.376325
 -1.826048
 -1.656110
 -1.675704
 -1.403412
 -1.328999
 -1.372809
 -1.839529
 -1.781347
 -1.688347
 -1.688347
 -1.688347
 -1.688347
 -1.750543
 -1.861482
 -2.596343
 -2.628257
 -2.238345
 -2.177512
 -2.681692
 -3.132979
 -2.888704
 -2.456570
 -1.727462
 -1.725328
 -1.722130
 -1.200204
 -1.124143
 -1.307511
 -1.503421
 -1.549873
 -1.412636
 -1.541519
 -1.708273
 -1.655026
 -1.839529
 -1.781347
 -1.688347
 -1.688347
 -1.688347
 -1.688347
 -1.688347
 -1.730526
 -1.566905
 -1.630010
 -1.761409
 -1.598039
 -1.561056
 -1.464653
 -1.563147
 -1.555689
 -1.545828
 -1.532454
 -1.377468
 -1.595895
 -1.654592
 -1.540984
 -1.624352
 -1.688347
 -1.688347
 -1.688347
 -1.729687
 -1.775611
 -1.839529
 -1.781347
 -1.688347
 -1.688347
 -1.688347
 -1.688347
 -1.688347
 -1.688347
 -1.688347
 -1.688347
 -1.688347
 -1.688347
 -1.688347
 -1.688347
 -1.688347
 -1.688347
 -1.688347
 -1.688347
 -1.688347
 -1.688347
 -1.688347
 -1.688347
 -1.688347
 -1.688347
 -1.688347
 -1.688347
 -1.729687
 -1.775611
 -1.791112
 -1.796212
 -1.835126
 -1.835126
 -1.835126
 -1.835126
 -1.835126
 -1.835126
 -1.835126
 -1.835126
 -1.835126
 -1.835126
 -1.835126
 -1.835126
 -1.835126
 -1.835126
 -1.835126
 -1.835126
 -1.835126
 -1.835126
 -1.835126
 -1.835126
 -1.835126
 -1.835126
 -1.835126
 -1.835126
 -1.960670
 -2.014025
 -1.459998
 -1.544276
 -1.605637
 -1.605637
 -1.605637
 -1.605637
 -1.605637
 -1.605637
 -1.605637
 -1.605637
 -1.605637
 -1.605637
 -1.605637
 -1.605637
 -1.605637
 -1.605637
 -1.605637
 -1.605637
 -1.605637
 -1.605637
 -1.605637
 -1.605637
 -1.605637
 -1.605637
 -1.605637
 -1.605637
 -1.773654
 -1.966501
 -1.092799
 -1.428266
 -1.395714
 -1.395714
 -1.395714
 -1.395714
 -1.395714
 -1.395714
 -1.395714
 -1.395714
 -1.395714
 -1.395714
 -1.395714
 -1.395714
 -1.395714
 -1.395714
 -1.395714
 -1.395714
 -1.395714
 -1.395714
 -1.395714
 -1.395714
 -1.395714
 -1.395714
 -1.395714
 -1.395714
 -1.651719
 -1.929983
 -0.655279
 -1.121204
 -1.129556
 -1.129556
 -1.129556
 -1.129556
 -1.129556
 -1.129556
 -1.279364
 -1.366067
 -1.666861
 -1.511067
 -1.321123
 -1.207924
 -0.715868
 -0.118634
 -0.225399
 -0.473778
 -0.878221
 -1.129556
 -1.129556
 -1.129556
 -1.129556
 -1.129556
 -1.129556
 -1.129556
 -1.367327
 -2.126908
 -0.450282
 -0.795607
 -0.859808
 -0.859808
 -0.859808
 -0.859808
 -0.859808
 -1.078063
 -1.722185
 -2.362174
 -2.176065
 -1.637916
 -1.683881
 -1.153376
 -0.604470
 -0.099454
  0.039752
  0.316914
 -0.329772
 -0.778732
 -0.859808
 -0.859808
 -0.859808
 -0.859808
 -0.859808
 -0.859808
 -0.800251
 -1.900816
 -0.450282
 -0.795607
 -0.859808
 -0.859808
 -0.859808
 -0.859808
 -1.078063
 -1.916940
 -3.243143
 -3.692136
 -2.403033
 -1.998181
 -2.614449
 -1.958539
 -1.128777
 -0.345671
  0.453823
  0.517573
 -0.315657
 -0.575225
 -0.859808
 -0.859808
 -0.859808
 -0.859808
 -0.859808
 -0.859808
 -0.800251
 -1.900816
 -0.450282
 -0.795607
 -0.859808
 -0.859808
 -0.859808
 -0.926963
 -1.837338
 -3.147514
 -4.542155
 -4.903995
 -2.954040
 -2.544641
 -4.309173
 -5.364138
 -3.887696
 -1.966612
  1.521639
  1.564971
 -0.128010
 -0.730215
 -0.859808
 -0.859808
 -0.859808
 -0.859808
 -0.859808
 -0.859808
 -0.800251
 -1.900816
 -0.450282
 -0.795607
 -0.859808
 -0.859808
 -0.859808
 -1.150330
 -2.705173
 -4.382834
 -5.244257
 -4.329114
 -2.837379
 -2.944684
 -4.589824
 -7.739509
 -8.929325
 -6.398660
  1.341719
  2.907588
  0.545695
 -1.123265
 -0.859808
 -0.859808
 -0.859808
 -0.859808
 -0.859808
 -0.859808
 -0.800251
 -1.900816
 -0.450282
 -0.795607
 -0.859808
 -0.859808
 -0.859808
 -1.283944
 -2.854131
 -4.882563
 -5.013000
 -3.521650
 -3.809566
 -4.186610
 -4.423848
 -6.251822
 -9.894857
 -8.796934
 -1.031838
  2.736159
  0.989817
 -0.886422
 -0.859808
 -0.859808
 -0.859808
 -0.859808
 -0.859808
 -0.859808
 -0.800251
 -1.900816
 -0.450282
 -0.795607
 -0.859808
 -0.859808
 -0.859808
 -1.040429
 -1.215826
 -5.724188
 -5.368510
 -3.133991
 -1.775375
 -3.007116
 -3.418007
 -4.749218
 -8.666286
 -7.464103
 -2.381971
  1.778349
  0.091625
 -0.695675
 -0.859808
 -0.859808
 -0.859808
 -0.859808
 -0.859808
 -0.859808
 -0.800251
 -1.900816
 -0.450282
 -0.795607
 -0.859808
 -0.859808
 -0.859808
 -0.353783
 -0.220392
 -5.094823
 -5.519083
 -3.674098
 -1.514197
 -1.955096
 -2.858047
 -4.665681
 -6.302866
 -5.061960
 -1.215278
  1.037861
 -0.690008
 -0.701854
 -0.859808
 -0.859808
 -0.859808
 -0.859808
 -0.859808
 -0.859808
 -0.800251
 -1.900816
 -0.450282
 -0.795607
 -0.859808
 -0.859808
 -0.859808
 -0.172881
  0.608567
 -2.364951
 -4.515163
 -2.776244
 -1.656189
 -2.348339
 -3.044733
 -6.078392
 -5.455789
 -5.274597
 -0.433079
  0.375584
 -0.578520
 -0.692863
 -0.859808
 -0.859808
 -0.859808
 -0.859808
 -0.859808
 -0.859808
 -0.800251
 -1.900816
 -0.450282
 -0.795607
 -0.859808
 -0.859808
 -0.859808
 -0.859808
 -0.583253
 -1.016389
 -1.194035
 -1.286414
 -1.981312
 -3.888523
 -4.169076
 -5.140874
 -3.516308
 -3.990948
 -0.786157
 -0.925347
 -0.525938
 -0.738613
 -0.859808
 -0.859808
 -0.859808
 -0.859808
 -0.859808
 -0.859808
 -0.800251
 -1.900816
 -0.450282
 -0.795607
 -0.859808
 -0.859808
 -0.859808
 -0.859808
 -0.859808
 -0.859808
 -0.892094
 -1.824922
 -2.916339
 -4.334525
 -5.554152
 -4.322780
 -2.945947
 -2.288419
 -1.065650
 -1.001879
 -0.486882
 -0.843051
 -0.859808
 -0.859808
 -0.859808
 -0.859808
 -0.859808
 -0.859808
 -0.800251
 -1.900816
 -0.450282
 -0.795607
 -0.859808
 -0.859808
 -0.859808
 -0.859808
 -0.859808
 -0.859808
 -1.207380
 -2.697555
 -4.043433
 -4.208804
 -4.528836
 -3.727632
 -3.025159
 -1.284020
 -1.037391
 -0.550056
 -0.754238
 -0.859808
 -0.859808
 -0.859808
 -0.859808
 -0.859808
 -0.859808
 -0.859808
 -0.800251
 -1.900816
 -0.450282
 -0.795607
 -0.859808
 -0.859808
 -0.859808
 -0.859808
 -0.859808
 -0.960541
 -2.026028
 -3.478983
 -6.062354
 -4.687041
 -2.964517
 -2.082837
 -1.781846
 -1.607206
 -0.790936
 -0.603777
 -0.859808
 -0.859808
 -0.859808
 -0.859808
 -0.859808
 -0.859808
 -0.859808
 -0.859808
 -0.800251
 -1.900816
 -0.450282
 -0.795607
 -0.859808
 -0.859808
 -0.859808
 -0.859808
 -0.884345
 -1.417016
 -2.930590
 -3.541560
 -6.394468
 -4.531066
 -3.936694
 -0.985831
 -0.687204
 -0.971061
 -0.593836
 -0.839699
 -0.859808
 -0.859808
 -0.859808
 -0.859808
 -0.859808
 -0.859808
 -0.859808
 -0.859808
 -0.800251
 -1.900816
 -0.450282
 -0.795607
 -0.859808
 -0.859808
 -0.859808
 -0.859808
 -1.102680
 -2.254277
 -3.700801
 -5.420770
 -5.386984
 -3.341033
 -2.943640
 -0.564050
 -1.113089
 -0.449068
 -0.801158
 -0.859808
 -0.859808
 -0.859808
 -0.859808
 -0.859808
 -0.859808
 -0.859808
 -0.859808
 -0.859808
 -0.800251
 -1.900816
 -0.450282
 -0.795607
 -0.859808
 -0.859808
 -0.859808
 -0.859808
 -1.724076
 -3.130996
 -4.178167
 -6.206182
 -4.385981
 -3.256375
 -0.927055
 -0.944863
 -0.991866
 -0.608804
 -0.859808
 -0.859808
 -0.859808
 -0.859808
 -0.859808
 -0.859808
 -0.859808
 -0.859808
 -0.859808
 -0.859808
 -0.800251
 -1.900816
 -0.450282
 -0.795607
 -0.859808
 -0.859808
 -0.859808
 -0.859808
 -2.444835
 -3.670609
 -6.184935
 -5.269917
 -4.047612
 -2.686281
 -0.197033
 -0.575009
 -0.391690
 -0.775650
 -0.768519
 -0.821360
 -0.895223
 -0.947688
 -1.050725
 -1.117848
 -1.301546
 -0.947481
 -0.463225
 -0.355546
 -0.019388
 -1.476621
 -0.450282
 -0.795607
 -0.859808
 -0.859808
 -0.859808
 -0.859808
 -2.521950
 -5.080672
 -7.843583
 -4.864421
 -3.361719
 -1.560538
 -1.480191
 -0.498340
 -0.166507
 -0.284764
 -0.146267
 -0.550553
 -0.961711
 -1.177371
 -1.303344
 -1.281991
 -1.162099
 -0.942658
 -0.435903
  0.088845
  0.401163
 -1.086312
 -0.450282
 -0.795607
 -0.859808
 -0.859808
 -0.859808
 -0.859808
 -1.338084
 -7.382867
 -8.704824
 -6.905333
 -3.018072
 -0.946834
 -1.843693
 -1.379949
 -1.233902
 -0.906704
 -1.035226
 -1.754699
 -1.881792
 -1.693627
 -1.877063
 -2.566053
 -2.063113
 -1.306137
 -0.711471
  0.563559
  0.431460
 -1.823721
 -0.450282
 -0.795607
 -0.859808
 -0.859808
 -0.859808
 -0.859808
  0.175559
 -8.128681
 -8.703541
 -9.294058
 -3.746320
 -2.054089
 -2.074370
 -2.857360
 -2.765791
 -1.505758
 -1.251672
 -2.049937
 -2.776337
 -2.556465
 -2.156839
 -3.807205
 -3.652258
 -3.263118
 -2.783096
  0.615610
  1.206026
 -1.637326
 -0.450282
 -0.795607
 -0.859808
 -0.859808
 -0.859808
 -0.859808
  1.015868
 -6.729795
 -8.081270
 -8.682028
 -5.728761
 -4.959317
 -4.492906
 -4.886373
 -4.950991
 -3.152689
 -2.512288
 -3.003291
 -4.543691
 -3.956220
 -2.737736
 -3.859689
 -3.830527
 -4.079947
 -5.547162
 -2.007560
  0.788888
 -0.850955
 -0.450282
 -0.795607
 -0.859808
 -0.859808
 -0.859808
 -0.859808
  1.447827
 -3.834873
 -6.803434
 -6.687697
 -5.127985
 -5.369548
 -5.870218
 -6.264781
 -6.555362
 -5.274891
 -3.926883
 -3.038780
 -4.479533
 -4.330778
 -4.495791
 -4.957627
 -3.911410
 -3.133549
 -4.671324
 -3.902551
 -1.241925
 -1.555229
 -0.450282
 -0.795607
 -0.859808
 -0.859808
 -0.859808
 -0.859808
  0.692469
 -0.318404
 -3.670347
 -4.664106
 -4.192667
 -3.872370
 -4.439626
 -5.663064
 -5.428020
 -5.088314
 -3.583771
 -3.196804
 -3.685499
 -2.746170
 -2.216404
 -3.240519
 -3.166988
 -2.311053
 -2.312349
 -2.149534
 -1.303491
 -1.911013
 -0.450282
 -0.795607
 -0.859808
 -0.859808
 -0.859808
 -0.859808
 -0.859808
  0.192886
 -0.969770
 -1.592153
 -2.043344
 -1.480092
 -1.135510
 -2.233769
 -2.810525
 -3.927552
 -3.064599
 -2.262797
 -2.484805
 -2.060054
 -1.297250
 -0.802054
 -0.791103
 -0.859808
 -0.859808
 -0.859808
 -0.800251
 -1.900816
 -0.450282
 -0.795607
 -0.859808
 -0.859808
 -0.859808
 -0.859808
 -0.859808
 -0.859808
 -0.859808
 -0.859808
 -0.859808
 -0.859808
 -0.859808
 -0.859808
 -0.859808
 -0.859808
 -0.859808
 -0.859808
 -0.859808
 -0.859808
 -0.859808
 -0.859808
 -0.859808
 -0.859808
 -0.859808
 -0.859808
 -0.800251
 -1.900816
 -0.582576
 -0.838165
 -0.812295
 -0.812295
 -0.812295
 -0.812295
 -0.812295
 -0.812295
 -0.812295
 -0.812295
 -0.812295
 -0.812295
 -0.812295
 -0.812295
 -0.812295
 -0.812295
 -0.812295
 -0.812295
 -0.812295
 -0.812295
 -0.812295
 -0.812295
 -0.812295
 -0.812295
 -0.812295
 -0.812295
 -0.709696
 -1.788690
 -0.740219
 -0.926795
 -0.951057
 -0.951057
 -0.951057
 -0.951057
 -0.951057
 -0.951057
 -0.951057
 -0.951057
 -0.951057
 -0.951057
 -0.951057
 -0.951057
 -0.951057
 -0.951057
 -0.951057
 -0.951057
 -0.951057
 -0.951057
 -0.951057
 -0.951057
 -0.951057
 -0.951057
 -0.951057
 -0.951057
 -0.725989
 -1.744830
 -0.241264
  0.014163
  0.435240
  0.435240
  0.435240
  0.435240
  0.435240
  0.435240
  0.435240
  0.435240
  0.435240
  0.435240
  0.435240
  0.435240
  0.435240
  0.435240
  0.435240
  0.435240
  0.435240
  0.435240
  0.435240
  0.435240
  0.435240
  0.435240
  0.435240
  0.435240
  0.207071
 -0.017090
 -0.350224
 -0.197881
  0.242991
  0.242991
  0.242991
  0.242991
  0.242991
  0.242991
  0.295316
 -0.238037
 -1.795648
 -3.512299
 -5.132397
 -6.896160
 -7.668019
 -6.425147
 -3.951863
 -1.558292
 -0.166871
  0.242991
  0.242991
  0.242991
  0.242991
  0.242991
  0.242991
  0.242991
 -0.027524
 -0.131879
 -0.433472
 -0.356939
  0.016657
  0.016657
  0.016657
  0.016657
  0.016657
  0.092889
 -1.237148
 -4.567176
 -7.718458
-10.108236
-11.638025
-10.924880
-10.349027
-10.355083
 -8.703120
 -5.184177
 -1.963668
 -0.115557
  0.016657
  0.016657
  0.016657
  0.016657
  0.016657
  0.016657
 -0.052110
 -0.189044
 -0.433472
 -0.356939
  0.016657
  0.016657
  0.016657
  0.016657
  0.092889
 -1.504421
 -5.774214
 -8.579909
 -9.858991
-10.741932
-10.144598
 -8.205797
 -7.737945
 -8.134753
 -8.474160
 -7.215152
 -4.223773
 -0.731257
  0.016657
  0.016657
  0.016657
  0.016657
  0.016657
  0.016657
 -0.052110
 -0.189044
 -0.433472
 -0.356939
  0.016657
  0.016657
  0.016657
  0.040113
 -0.963728
 -4.329881
 -7.371906
 -8.525771
 -7.993687
 -4.464764
 -1.446281
 -0.635239
 -1.468480
 -2.963022
 -5.859868
 -6.307000
 -4.735726
 -1.491904
  0.016657
  0.016657
  0.016657
  0.016657
  0.016657
  0.016657
 -0.052110
 -0.189044
 -0.433472
 -0.356939
  0.016657
  0.016657
  0.016657
 -0.210839
 -2.162937
 -4.802839
 -5.258238
 -4.155406
 -1.437345
  1.771986
  2.738763
  1.376549
 -1.842682
 -3.415220
 -3.795042
 -3.873314
 -3.258013
 -1.417468
  0.016657
  0.016657
  0.016657
  0.016657
  0.016657
  0.016657
 -0.052110
 -0.189044
 -0.433472
 -0.356939
  0.016657
  0.016657
  0.016657
 -0.488867
 -2.263784
 -0.627330
  2.312439
  3.887135
  2.001457
  2.180155
  2.054538
 -0.538132
 -3.418557
 -5.090948
 -4.250467
 -3.681643
 -2.626526
 -0.907877
  0.016657
  0.016657
  0.016657
  0.016657
  0.016657
  0.016657
 -0.052110
 -0.189044
 -0.433472
 -0.356939
  0.016657
  0.016657
  0.016657
 -0.222993
  0.461567
  2.358788
  3.535701
  4.370370
  2.686841
  1.450623
 -0.331814
 -3.379727
 -5.288576
 -5.417415
 -4.589658
 -2.666039
 -1.690269
 -0.399056
  0.016657
  0.016657
  0.016657
  0.016657
  0.016657
  0.016657
 -0.052110
 -0.189044
 -0.433472
 -0.356939
  0.016657
  0.016657
  0.016657
  0.233596
  1.367154
  1.947984
  1.854954
  1.221283
  1.193182
  0.010769
 -4.067222
 -5.978224
 -6.570410
 -4.938483
 -3.377864
 -1.195721
 -0.799318
  0.111344
  0.016657
  0.016657
  0.016657
  0.016657
  0.016657
  0.016657
 -0.052110
 -0.189044
 -0.433472
 -0.356939
  0.016657
  0.016657
  0.016657
  0.482763
  1.421386
  0.932555
 -0.415220
  0.290098
  0.648288
 -1.931758
 -4.819750
 -5.488943
 -5.711324
 -3.753975
 -1.852697
 -0.059427
  0.085279
  0.097070
  0.016657
  0.016657
  0.016657
  0.016657
  0.016657
  0.016657
 -0.052110
 -0.189044
 -0.433472
 -0.356939
  0.016657
  0.016657
  0.016657
  0.016657
  0.204310
  0.095314
 -0.080857
  0.120157
 -1.401057
 -5.738829
 -6.985473
 -5.950088
 -2.991909
 -1.317985
 -0.585346
  0.328727
  0.511752
  0.141924
  0.016657
  0.016657
  0.016657
  0.016657
  0.016657
  0.016657
 -0.052110
 -0.189044
 -0.433472
 -0.356939
  0.016657
  0.016657
  0.016657
  0.016657
  0.016657
  0.016657
  0.027934
 -0.881157
 -3.906550
 -6.091138
 -6.200308
 -4.948989
 -1.331614
 -0.905894
  0.228744
  0.750005
  0.401662
  0.036843
  0.016657
  0.016657
  0.016657
  0.016657
  0.016657
  0.016657
 -0.052110
 -0.189044
 -0.433472
 -0.356939
  0.016657
  0.016657
  0.016657
  0.016657
  0.016657
  0.016657
 -0.020101
 -2.504850
 -5.825768
 -6.521164
 -5.146564
 -3.127065
 -1.525105
 -0.647139
  0.796992
  0.526097
  0.143826
  0.016657
  0.016657
  0.016657
  0.016657
  0.016657
  0.016657
  0.016657
 -0.052110
 -0.189044
 -0.433472
 -0.356939
  0.016657
  0.016657
  0.016657
  0.016657
  0.016657
  0.051841
 -1.287685
 -5.110157
 -6.057472
 -5.760527
 -3.354179
 -1.659931
 -1.050435
 -0.093076
  0.754928
  0.300203
  0.016657
  0.016657
  0.016657
  0.016657
  0.016657
  0.016657
  0.016657
  0.016657
 -0.052110
 -0.189044
 -0.433472
 -0.356939
  0.016657
  0.016657
  0.016657
  0.016657
  0.025227
 -0.374496
 -3.217822
 -5.396658
 -5.967957
 -5.059402
 -3.075675
 -2.213689
 -0.385007
  0.572003
  0.344117
  0.040880
  0.016657
  0.016657
  0.016657
  0.016657
  0.016657
  0.016657
  0.016657
  0.016657
 -0.052110
 -0.189044
 -0.433472
 -0.356939
  0.016657
  0.016657
  0.016657
  0.016657
 -0.018713
 -1.782000
 -5.553708
 -5.934258
 -5.891299
 -3.528984
 -2.063010
 -0.915353
  0.032129
  0.468226
  0.087307
  0.016657
  0.016657
  0.016657
  0.016657
  0.016657
  0.016657
  0.016657
  0.016657
  0.016657
 -0.052110
 -0.189044
 -0.433472
 -0.356939
  0.016657
  0.016657
  0.016657
  0.016657
 -0.590051
 -3.534804
 -5.314352
 -6.202923
 -4.878720
 -1.814215
 -0.924898
  0.152785
  0.516991
  0.294147
  0.016657
  0.016657
  0.016657
  0.016657
  0.016657
  0.016657
  0.016657
  0.016657
  0.016657
  0.016657
 -0.052110
 -0.189044
 -0.433472
 -0.356939
  0.016657
  0.016657
  0.016657
  0.016657
 -1.448323
 -3.503856
 -3.848755
 -4.664652
 -4.672248
 -3.859413
 -1.944191
  0.093383
 -0.361603
 -0.580577
 -0.380673
 -0.146930
 -0.155250
 -0.385555
 -0.619283
 -1.434105
 -3.139455
 -4.601154
 -5.147057
 -4.477123
 -2.647926
 -0.959494
 -0.433472
 -0.356939
  0.016657
  0.016657
  0.016657
  0.016657
 -1.736413
 -2.031070
 -3.401088
 -3.615431
 -6.398475
 -8.534214
 -9.610065
 -8.327648
 -8.586988
 -8.371827
 -7.157448
 -5.974775
 -5.969476
 -7.301646
 -9.165054
-10.246962
 -9.932235
 -9.993022
-10.135731
 -8.771087
 -6.866107
 -3.838452
 -0.433472
 -0.356939
  0.016657
  0.016657
  0.016657
  0.016657
 -1.218505
 -1.070030
 -2.661335
 -3.626418
 -9.351540
-10.127684
-11.554404
-11.834049
-11.680994
-11.140183
-11.413286
-12.174676
-11.956849
-11.491384
-11.693995
-11.835691
-11.100080
 -9.354862
 -6.920790
 -4.804855
 -3.636338
 -3.266572
 -0.433472
 -0.356939
  0.016657
  0.016657
  0.016657
  0.016657
 -0.233742
 -0.017302
 -0.285281
 -0.322274
 -3.579618
 -4.363115
 -5.670551
 -7.106749
 -8.612575
-10.207469
-10.544429
 -9.685214
 -7.658020
 -6.082664
 -4.365471
 -2.123308
 -0.368781
  0.250780
  0.770906
  1.255556
  0.769993
 -0.833625
 -0.433472
 -0.356939
  0.016657
  0.016657
  0.016657
  0.016657
  0.810535
  1.331272
  0.965238
  2.242317
  2.868118
  2.300925
  1.165329
  0.313862
  0.538386
  0.475124
  0.455993
  0.120140
  0.656335
  2.225855
  3.408426
  3.243501
  3.385173
  3.566604
  2.809419
  2.369839
  1.801420
  0.458191
 -0.433472
 -0.356939
  0.016657
  0.016657
  0.016657
  0.016657
  1.296803
  1.343742
  1.557749
  3.036137
  4.198923
  3.942408
  3.893634
  4.312128
  4.197385
  4.664266
  4.663453
  4.678296
  4.002078
  3.552216
  3.472239
  3.284137
  2.993183
  2.783695
  1.782599
  0.907351
  1.063239
  0.708245
 -0.433472
 -0.356939
  0.016657
  0.016657
  0.016657
  0.016657
  1.069936
  1.228134
  1.120153
  1.441785
  2.342407
  2.392620
  2.433683
  2.787064
  3.002290
  3.370353
  3.007059
  2.799402
  2.546021
  2.254384
  2.060770
  1.292295
  0.963036
  1.235268
  0.828702
  0.266582
  0.303250
  0.176784
 -0.433472
 -0.356939
  0.016657
  0.016657
  0.016657
  0.016657
  0.016657
  0.730949
  0.645869
  0.336773
  0.592294
  1.102151
  1.596850
  1.400951
  1.274473
  0.965941
  1.043647
  1.327575
  0.690781
  0.252143
  0.439025
  0.358202
  0.099418
  0.016657
  0.016657
  0.016657
 -0.052110
 -0.189044
 -0.433472
 -0.356939
  0.016657
  0.016657
  0.016657
  0.016657
  0.016657
  0.016657
  0.016657
  0.016657
  0.016657
  0.016657
  0.016657
  0.016657
  0.016657
  0.016657
  0.016657
  0.016657
  0.016657
  0.016657
  0.016657
  0.016657
  0.016657
  0.016657
  0.016657
  0.016657
 -0.052110
 -0.189044
 -1.014351
 -1.346439
 -1.119725
 -1.119725
 -1.119725
 -1.119725
 -1.119725
 -1.119725
 -1.119725
 -1.119725
 -1.119725
 -1.119725
 -1.119725
 -1.119725
 -1.119725
 -1.119725
 -1.119725
 -1.119725
 -1.119725
 -1.119725
 -1.119725
 -1.119725
 -1.119725
 -1.119725
 -1.119725
 -1.119725
 -1.203526
 -1.186054
 -1.280199
 -1.599539
 -1.606398
 -1.606398
 -1.606398
 -1.606398
 -1.606398
 -1.606398
 -1.606398
 -1.606398
 -1.606398
 -1.606398
 -1.606398
 -1.606398
 -1.606398
 -1.606398
 -1.606398
 -1.606398
 -1.606398
 -1.606398
 -1.606398
 -1.606398
 -1.606398
 -1.606398
 -1.606398
 -1.606398
 -1.522127
 -1.315970
 -1.457459
 -0.817254
 -0.497383
 -0.497383
 -0.497383
 -0.497383
 -0.497383
 -0.497383
 -0.497383
 -0.497383
 -0.497383
 -0.497383
 -0.497383
 -0.497383
 -0.497383
 -0.497383
 -0.497383
 -0.497383
 -0.497383
 -0.497383
 -0.497383
 -0.497383
 -0.497383
 -0.497383
 -0.497383
 -0.497383
 -0.135543
 -0.184404
 -1.413962
 -0.586262
 -0.370422
 -0.370422
 -0.370422
 -0.370422
 -0.370422
 -0.370422
 -0.134254
 -0.192003
 -0.428764
 -0.670626
 -1.828863
 -2.492860
 -3.174380
 -3.718162
 -3.174083
 -1.881280
 -1.129434
 -0.370422
 -0.370422
 -0.370422
 -0.370422
 -0.370422
 -0.370422
 -0.370422
 -0.007882
 -0.024447
 -1.072050
 -0.166566
 -0.094213
 -0.094213
 -0.094213
 -0.094213
 -0.094213
  0.249858
  0.903444
  0.573822
  0.188289
 -1.906010
 -2.869903
 -3.724978
 -5.061726
 -6.346656
 -5.504007
 -4.150873
 -2.257108
 -0.339056
 -0.094213
 -0.094213
 -0.094213
 -0.094213
 -0.094213
 -0.094213
  0.237555
  0.173931
 -1.072050
 -0.166566
 -0.094213
 -0.094213
 -0.094213
 -0.094213
  0.249858
  1.174565
  1.727970
  1.048989
 -1.924169
 -4.658606
 -4.786900
 -5.140809
 -5.493096
 -6.497317
 -6.536370
 -6.315917
 -3.307261
 -1.183854
 -0.094213
 -0.094213
 -0.094213
 -0.094213
 -0.094213
 -0.094213
  0.237555
  0.173931
 -1.072050
 -0.166566
 -0.094213
 -0.094213
 -0.094213
  0.011655
  1.245186
  2.253631
  1.694692
 -1.199602
 -5.717660
 -6.804624
 -5.361048
 -3.142891
 -2.709147
 -4.272533
 -5.867280
 -7.065924
 -3.964746
 -1.568002
 -0.094213
 -0.094213
 -0.094213
 -0.094213
 -0.094213
 -0.094213
  0.237555
  0.173931
 -1.072050
 -0.166566
 -0.094213
 -0.094213
 -0.094213
  0.328559
  2.339619
  2.213133
  0.437117
 -5.185707
 -9.613890
 -9.036315
 -5.036844
 -2.962190
 -2.204098
 -3.253798
 -7.140187
 -7.411142
 -3.926415
 -0.762637
 -0.094213
 -0.094213
 -0.094213
 -0.094213
 -0.094213
 -0.094213
  0.237555
  0.173931
 -1.072050
 -0.166566
 -0.094213
 -0.094213
 -0.094213
  0.492359
  2.173450
  1.781806
 -1.154890
 -7.936911
 -8.888384
 -5.848940
 -2.085421
 -0.232624
 -0.417029
 -4.524383
-10.142406
 -8.252673
 -3.390635
 -0.080925
 -0.094213
 -0.094213
 -0.094213
 -0.094213
 -0.094213
 -0.094213
  0.237555
  0.173931
 -1.072050
 -0.166566
 -0.094213
 -0.094213
 -0.094213
  0.192192
  0.730592
 -0.127555
 -3.764807
 -7.027455
 -5.107452
 -2.144774
  0.791602
  1.187421
  0.072583
 -7.424644
-11.539193
 -8.806645
 -2.345956
  0.693058
 -0.094213
 -0.094213
 -0.094213
 -0.094213
 -0.094213
 -0.094213
  0.237555
  0.173931
 -1.072050
 -0.166566
 -0.094213
 -0.094213
 -0.094213
 -0.140609
 -0.203710
 -1.021011
 -3.618205
 -4.674276
 -1.718574
  1.831315
  3.047142
  1.555940
 -1.900999
-10.707360
-11.872146
 -7.821560
 -0.208041
  0.790303
 -0.094213
 -0.094213
 -0.094213
 -0.094213
 -0.094213
 -0.094213
  0.237555
  0.173931
 -1.072050
 -0.166566
 -0.094213
 -0.094213
 -0.094213
 -0.165308
 -0.434032
 -1.222204
 -2.636039
 -2.263470
  0.943079
  3.035650
  2.262211
  0.197863
 -6.822161
-12.403437
-10.441716
 -4.474049
  1.326895
  0.405472
 -0.094213
 -0.094213
 -0.094213
 -0.094213
 -0.094213
 -0.094213
  0.237555
  0.173931
 -1.072050
 -0.166566
 -0.094213
 -0.094213
 -0.094213
 -0.094213
 -0.122836
 -0.154603
 -0.365259
  0.049135
  1.319049
  2.063237
  0.867274
 -3.843315
-10.882699
-11.642156
 -7.740086
 -1.111761
  1.511905
  0.216842
 -0.094213
 -0.094213
 -0.094213
 -0.094213
 -0.094213
 -0.094213
  0.237555
  0.173931
 -1.072050
 -0.166566
 -0.094213
 -0.094213
 -0.094213
 -0.094213
 -0.094213
 -0.094213
 -0.043315
  1.266126
  2.162708
  1.923136
 -1.886976
 -8.986436
-12.229376
 -9.373795
 -3.447991
  1.026866
  0.931533
 -0.051161
 -0.094213
 -0.094213
 -0.094213
 -0.094213
 -0.094213
 -0.094213
  0.237555
  0.173931
 -1.072050
 -0.166566
 -0.094213
 -0.094213
 -0.094213
 -0.094213
 -0.094213
 -0.094213
  0.436787
  2.173002
  1.799366
  0.330386
 -7.322484
-11.771492
-11.114975
 -5.509157
  0.001644
  1.223089
  0.177017
 -0.094213
 -0.094213
 -0.094213
 -0.094213
 -0.094213
 -0.094213
 -0.094213
  0.237555
  0.173931
 -1.072050
 -0.166566
 -0.094213
 -0.094213
 -0.094213
 -0.094213
 -0.094213
  0.064589
  1.465047
  2.411743
  1.503422
 -3.262351
-10.986650
-11.434039
 -8.323378
 -1.289274
  1.147070
  0.563199
 -0.094213
 -0.094213
 -0.094213
 -0.094213
 -0.094213
 -0.094213
 -0.094213
 -0.094213
  0.237555
  0.173931
 -1.072050
 -0.166566
 -0.094213
 -0.094213
 -0.094213
 -0.094213
 -0.055531
  0.699520
  2.341740
  1.723247
 -0.606806
 -9.217173
-12.615370
 -9.871017
 -4.028484
  1.260715
  0.671563
 -0.042550
 -0.094213
 -0.094213
 -0.094213
 -0.094213
 -0.094213
 -0.094213
 -0.094213
 -0.094213
  0.237555
  0.173931
 -1.072050
 -0.166566
 -0.094213
 -0.094213
 -0.094213
 -0.094213
  0.275795
  1.670047
  2.191381
  0.941950
 -4.785110
-12.021353
-11.272875
 -7.005308
 -0.143309
  1.287684
  0.056470
 -0.094213
 -0.094213
 -0.094213
 -0.094213
 -0.094213
 -0.094213
 -0.094213
 -0.094213
 -0.094213
  0.237555
  0.173931
 -1.072050
 -0.166566
 -0.094213
 -0.094213
 -0.094213
 -0.094213
  1.166575
  2.430668
  1.724014
 -1.670998
-10.269387
-12.366759
 -9.144384
 -2.541632
  1.389857
  0.550283
 -0.094213
 -0.094213
 -0.094213
 -0.094213
 -0.094213
 -0.094213
 -0.094213
 -0.094213
 -0.094213
 -0.094213
  0.237555
  0.173931
 -1.072050
 -0.166566
 -0.094213
 -0.094213
 -0.094213
 -0.094213
  2.176258
  2.481516
  1.550218
 -5.651364
-12.542958
-11.394185
 -6.258796
  0.134767
  0.868173
 -0.326652
 -0.322894
 -0.235413
 -0.121405
 -0.103361
  0.028510
 -0.215574
 -0.584090
 -1.077231
 -2.276426
 -2.198549
 -1.467718
 -1.056619
 -1.072050
 -0.166566
 -0.094213
 -0.094213
 -0.094213
 -0.094213
  2.583541
  2.212647
  0.910256
 -8.367680
-11.835107
-10.540717
 -4.891994
 -2.172061
 -2.980352
 -3.665263
 -3.361172
 -2.665637
 -1.903095
 -1.935973
 -1.930725
 -2.521415
 -2.541438
 -3.541037
 -4.864338
 -5.263604
 -4.621438
 -2.812756
 -1.072050
 -0.166566
 -0.094213
 -0.094213
 -0.094213
 -0.094213
  2.329096
  2.160336
 -0.130418
 -8.257559
 -8.912164
 -7.431863
 -2.935912
 -3.555167
 -4.827734
 -5.105505
 -5.068657
 -3.751999
 -3.171607
 -3.189920
 -3.693456
 -4.336083
 -4.585161
 -5.190127
 -5.901091
 -5.724366
 -4.897451
 -2.591980
 -1.072050
 -0.166566
 -0.094213
 -0.094213
 -0.094213
 -0.094213
  1.491041
  1.741536
 -0.801689
 -6.264224
 -5.513618
 -4.304752
 -2.232244
 -3.858939
 -4.729551
 -5.475038
 -5.943463
 -4.581378
 -4.544582
 -4.069202
 -4.255787
 -3.991714
 -3.890439
 -4.283347
 -4.137635
 -4.141182
 -3.088442
 -0.800726
 -1.072050
 -0.166566
 -0.094213
 -0.094213
 -0.094213
 -0.094213
  0.326748
  0.739453
 -1.936830
 -5.077801
 -4.253057
 -2.576310
 -1.418144
 -2.108734
 -2.457549
 -3.867422
 -4.139514
 -3.672218
 -3.539939
 -3.860487
 -4.452889
 -4.034667
 -4.393257
 -4.277265
 -3.224263
 -2.932334
 -1.229319
  0.629993
 -1.072050
 -0.166566
 -0.094213
 -0.094213
 -0.094213
 -0.094213
 -0.319540
 -0.066817
 -2.593637
 -4.486313
 -4.266716
 -3.678638
 -3.439055
 -3.661404
 -3.998376
 -4.831723
 -3.907227
 -3.469717
 -3.585274
 -4.331495
 -4.323618
 -3.240870
 -3.134417
 -3.081545
 -2.404627
 -2.117777
 -0.662112
  1.020631
 -1.072050
 -0.166566
 -0.094213
 -0.094213
 -0.094213
 -0.094213
 -0.254868
 -0.571011
 -1.946809
 -3.244845
 -3.355411
 -2.674201
 -2.615099
 -2.629485
 -3.071065
 -3.428336
 -3.252412
 -3.058498
 -2.431768
 -2.630467
 -2.547362
 -1.894757
 -1.774467
 -1.219593
 -0.570126
 -0.647229
  0.016562
  0.544615
 -1.072050
 -0.166566
 -0.094213
 -0.094213
 -0.094213
 -0.094213
 -0.094213
 -0.203163
 -0.374389
 -1.316432
 -1.631447
 -1.174799
 -1.294314
 -1.757867
 -2.547575
 -2.475013
 -1.932539
 -1.110846
 -0.552861
 -0.746456
 -0.176601
  0.339643
  0.082302
 -0.094213
 -0.094213
 -0.094213
  0.237555
  0.173931
 -1.072050
 -0.166566
 -0.094213
 -0.094213
 -0.094213
 -0.094213
 -0.094213
 -0.094213
 -0.094213
 -0.094213
 -0.094213
 -0.094213
 -0.094213
 -0.094213
 -0.094213
 -0.094213
 -0.094213
 -0.094213
 -0.094213
 -0.094213
 -0.094213
 -0.094213
 -0.094213
 -0.094213
 -0.094213
 -0.094213
  0.237555
  0.173931
 -1.119289
 -0.316530
 -0.516185
 -0.516185
 -0.516185
 -0.516185
 -0.516185
 -0.516185
 -0.516185
 -0.516185
 -0.516185
 -0.516185
 -0.516185
 -0.516185
 -0.516185
 -0.516185
 -0.516185
 -0.516185
 -0.516185
 -0.516185
 -0.516185
 -0.516185
 -0.516185
 -0.516185
 -0.516185
 -0.516185
 -0.252272
 -0.294039
 -0.869661
 -0.341499
 -0.645526
 -0.645526
 -0.645526
 -0.645526
 -0.645526
 -0.645526
 -0.645526
 -0.645526
 -0.645526
 -0.645526
 -0.645526
 -0.645526
 -0.645526
 -0.645526
 -0.645526
 -0.645526
 -0.645526
 -0.645526
 -0.645526
 -0.645526
 -0.645526
 -0.645526
 -0.645526
 -0.645526
 -0.552104
 -0.637601
 -1.512904
 -1.898813
 -1.977827
 -1.977827
 -1.977827
 -1.977827
 -1.977827
 -1.977827
 -1.977827
 -1.977827
 -1.977827
 -1.977827
 -1.977827
 -1.977827
 -1.977827
 -1.977827
 -1.977827
 -1.977827
 -1.977827
 -1.977827
 -1.977827
 -1.977827
 -1.977827
 -1.977827
 -1.977827
 -1.977827
 -2.125615
 -2.252317
 -1.721338
 -2.131773
 -2.048240
 -2.048240
 -2.048240
 -2.048240
 -2.048240
 -2.048240
 -1.957410
 -1.672776
 -1.395458
 -1.068743
 -0.707159
 -0.572283
 -0.746280
 -1.108772
 -1.560431
 -1.859437
 -1.997697
 -2.048240
 -2.048240
 -2.048240
 -2.048240
 -2.048240
 -2.048240
 -2.048240
 -2.174977
 -2.372950
 -1.889487
 -2.280380
 -2.182285
 -2.182285
 -2.182285
 -2.182285
 -2.182285
 -2.049955
 -2.170123
 -2.081977
 -2.496346
 -2.821731
 -2.981410
 -2.749464
 -1.953656
 -0.871327
 -0.948745
 -1.306404
 -1.815273
 -2.165981
 -2.182285
 -2.182285
 -2.182285
 -2.182285
 -2.182285
 -2.182285
 -2.166251
 -2.334807
 -1.889487
 -2.280380
 -2.182285
 -2.182285
 -2.182285
 -2.182285
 -2.049955
 -2.439856
 -2.925183
 -3.918718
 -3.997764
 -2.676283
 -2.909022
 -2.497120
 -1.089568
  0.157725
  0.052562
 -0.057363
 -1.419150
 -2.046972
 -2.182285
 -2.182285
 -2.182285
 -2.182285
 -2.182285
 -2.182285
 -2.166251
 -2.334807
 -1.889487
 -2.280380
 -2.182285
 -2.182285
 -2.182285
 -2.141568
 -2.722185
 -3.160804
 -4.187542
 -4.852004
 -2.073253
 -0.998717
 -1.472940
 -1.102262
 -1.131506
 -1.565872
 -0.197745
  0.061772
 -1.461126
 -1.839753
 -2.182285
 -2.182285
 -2.182285
 -2.182285
 -2.182285
 -2.182285
 -2.166251
 -2.334807
 -1.889487
 -2.280380
 -2.182285
 -2.182285
 -2.182285
 -2.386636
 -3.269033
 -4.027916
 -4.499759
 -0.575657
  2.093759
  2.332506
  1.932851
 -0.085433
 -1.841692
 -2.209910
 -0.203602
 -0.203973
 -1.300912
 -2.028939
 -2.182285
 -2.182285
 -2.182285
 -2.182285
 -2.182285
 -2.182285
 -2.166251
 -2.334807
 -1.889487
 -2.280380
 -2.182285
 -2.182285
 -2.182285
 -2.580818
 -3.766257
 -4.556926
 -2.008727
  2.052886
  2.817913
  1.782601
 -0.946800
 -2.272119
 -3.336885
 -2.652936
  0.389263
  0.862359
 -1.373489
 -2.671776
 -2.182285
 -2.182285
 -2.182285
 -2.182285
 -2.182285
 -2.182285
 -2.166251
 -2.334807
 -1.889487
 -2.280380
 -2.182285
 -2.182285
 -2.182285
 -2.159298
 -1.821462
 -1.855658
  0.621413
  2.700086
  1.204053
 -2.260764
 -3.109152
 -2.580422
 -3.777598
 -0.814684
  1.804258
  1.019849
 -2.236153
 -2.794178
 -2.182285
 -2.182285
 -2.182285
 -2.182285
 -2.182285
 -2.182285
 -2.166251
 -2.334807
 -1.889487
 -2.280380
 -2.182285
 -2.182285
 -2.182285
 -1.910893
 -1.075537
 -0.781523
  0.401287
 -0.378607
 -3.045211
 -3.643731
 -3.054655
 -3.328037
 -2.502418
  1.093899
  1.762255
  0.251142
 -2.563602
 -2.568213
 -2.182285
 -2.182285
 -2.182285
 -2.182285
 -2.182285
 -2.182285
 -2.166251
 -2.334807
 -1.889487
 -2.280380
 -2.182285
 -2.182285
 -2.182285
 -1.852436
 -1.019520
 -1.125412
 -1.763308
 -2.203971
 -2.842624
 -3.397823
 -3.300906
 -3.710818
  0.117828
  1.861961
  1.730760
 -0.558888
 -3.370646
 -2.532428
 -2.182285
 -2.182285
 -2.182285
 -2.182285
 -2.182285
 -2.182285
 -2.166251
 -2.334807
 -1.889487
 -2.280380
 -2.182285
 -2.182285
 -2.182285
 -2.182285
 -2.049489
 -2.077816
 -2.170154
 -2.064831
 -2.253755
 -2.959625
 -3.404910
 -1.703142
  2.045213
  1.975759
  0.995979
 -2.631947
 -3.319051
 -2.259458
 -2.182285
 -2.182285
 -2.182285
 -2.182285
 -2.182285
 -2.182285
 -2.166251
 -2.334807
 -1.889487
 -2.280380
 -2.182285
 -2.182285
 -2.182285
 -2.182285
 -2.182285
 -2.182285
 -2.162710
 -2.834949
 -3.184732
 -3.699522
 -2.762691
  1.054228
  2.596624
  1.584278
 -1.383037
 -3.530900
 -2.581922
 -2.186655
 -2.182285
 -2.182285
 -2.182285
 -2.182285
 -2.182285
 -2.182285
 -2.166251
 -2.334807
 -1.889487
 -2.280380
 -2.182285
 -2.182285
 -2.182285
 -2.182285
 -2.182285
 -2.182285
 -2.154480
 -2.807250
 -3.308863
 -3.498568
  0.097488
  2.713364
  2.506848
 -0.303322
 -3.444415
 -3.028138
 -2.209813
 -2.182285
 -2.182285
 -2.182285
 -2.182285
 -2.182285
 -2.182285
 -2.182285
 -2.166251
 -2.334807
 -1.889487
 -2.280380
 -2.182285
 -2.182285
 -2.182285
 -2.182285
 -2.182285
 -2.121210
 -2.812323
 -3.181704
 -4.234204
 -1.700485
  2.193355
  2.291725
  0.830213
 -2.928854
 -3.160450
 -2.303732
 -2.182285
 -2.182285
 -2.182285
 -2.182285
 -2.182285
 -2.182285
 -2.182285
 -2.182285
 -2.166251
 -2.334807
 -1.889487
 -2.280380
 -2.182285
 -2.182285
 -2.182285
 -2.182285
 -2.167408
 -2.377179
 -3.001670
 -3.182175
 -3.241989
  1.524529
  2.685810
  1.832455
 -1.493855
 -3.537214
 -2.429495
 -2.187529
 -2.182285
 -2.182285
 -2.182285
 -2.182285
 -2.182285
 -2.182285
 -2.182285
 -2.182285
 -2.166251
 -2.334807
 -1.889487
 -2.280380
 -2.182285
 -2.182285
 -2.182285
 -2.182285
 -2.174057
 -2.754791
 -3.185115
 -3.767805
 -0.900316
  2.353042
  1.701251
  0.113607
 -3.208241
 -2.997963
 -2.197579
 -2.182285
 -2.182285
 -2.182285
 -2.182285
 -2.182285
 -2.182285
 -2.182285
 -2.182285
 -2.182285
 -2.166251
 -2.334807
 -1.889487
 -2.280380
 -2.182285
 -2.182285
 -2.182285
 -2.182285
 -2.672494
 -3.156239
 -3.388320
 -2.565289
  1.593235
  2.286688
  1.242437
 -1.816047
 -3.327539
 -2.302421
 -2.182285
 -2.182285
 -2.182285
 -2.182285
 -2.182285
 -2.182285
 -2.182285
 -2.182285
 -2.182285
 -2.182285
 -2.166251
 -2.334807
 -1.889487
 -2.280380
 -2.182285
 -2.182285
 -2.182285
 -2.182285
 -3.255395
 -3.501501
 -3.856815
  0.397701
  2.843693
  2.238443
  0.014936
 -3.297592
 -2.841645
 -2.103733
 -2.134957
 -2.138022
 -2.106575
 -2.061796
 -1.912613
 -1.601846
 -1.368157
 -1.230915
 -1.283954
 -1.625308
 -1.896211
 -2.243381
 -1.889487
 -2.280380
 -2.182285
 -2.182285
 -2.182285
 -2.182285
 -3.115960
 -3.500184
 -2.945170
  1.997651
  3.018816
  2.402874
 -1.275645
 -1.648351
 -0.771656
 -0.798981
 -0.945372
 -1.052633
 -0.986790
 -0.967683
 -1.461448
 -1.830786
 -2.306508
 -2.148824
 -1.283436
 -1.169565
 -1.067911
 -1.708134
 -1.889487
 -2.280380
 -2.182285
 -2.182285
 -2.182285
 -2.182285
 -2.609264
 -3.592509
 -2.167794
  0.415089
  0.086177
 -1.782742
 -4.087210
 -2.982243
 -2.337541
 -1.877831
 -1.529003
 -2.176694
 -2.871681
 -3.249033
 -3.051674
 -3.250041
 -3.314551
 -2.520742
 -2.121950
 -0.960134
 -0.253482
 -1.485462
 -1.889487
 -2.280380
 -2.182285
 -2.182285
 -2.182285
 -2.182285
 -1.880553
 -3.766952
 -2.614381
 -1.238280
 -1.880879
 -3.199537
 -3.222114
 -1.810913
 -1.471984
 -1.150079
 -1.400714
 -2.600543
 -3.186789
 -3.091614
 -2.500136
 -2.494421
 -1.182815
 -0.698661
 -0.853134
  0.060729
 -0.290938
 -1.672936
 -1.889487
 -2.280380
 -2.182285
 -2.182285
 -2.182285
 -2.182285
 -0.985543
 -2.380073
 -1.128040
 -0.823149
 -1.668937
 -1.670569
 -2.119462
 -2.491582
 -2.938395
 -2.129872
 -2.012595
 -1.652448
 -0.774365
  0.349322
  1.214520
  0.956454
  0.919013
  0.883741
 -0.574060
 -0.816150
 -1.352043
 -3.061502
 -1.889487
 -2.280380
 -2.182285
 -2.182285
 -2.182285
 -2.182285
 -1.010007
 -1.106999
 -0.288892
  0.297850
  0.518640
  0.117399
 -0.018928
 -0.265282
 -0.216070
  0.421491
  0.751119
  1.283475
  0.483553
  0.459213
  0.499532
 -0.388181
 -0.587361
 -1.052350
 -2.108093
 -2.315284
 -2.482205
 -3.046151
 -1.889487
 -2.280380
 -2.182285
 -2.182285
 -2.182285
 -2.182285
 -1.436911
 -0.870387
 -1.070918
 -0.277437
 -0.274152
 -0.853328
 -0.914713
 -0.767047
 -0.060221
 -0.267816
 -0.502767
 -1.194889
 -1.584277
 -0.992513
 -1.386431
 -2.096507
 -2.015435
 -1.851047
 -2.056039
 -2.288597
 -2.292881
 -2.419353
 -1.889487
 -2.280380
 -2.182285
 -2.182285
 -2.182285
 -2.182285
 -2.182285
 -1.676802
 -1.551235
 -1.561117
 -1.630911
 -1.501201
 -1.092747
 -1.021169
 -1.056921
 -1.546530
 -1.808121
 -1.824492
 -2.114423
 -2.300846
 -2.313117
 -2.260071
 -2.200200
 -2.182285
 -2.182285
 -2.182285
 -2.166251
 -2.334807
 -1.889487
 -2.280380
 -2.182285
 -2.182285
 -2.182285
 -2.182285
 -2.182285
 -2.182285
 -2.182285
 -2.182285
 -2.182285
 -2.182285
 -2.182285
 -2.182285
 -2.182285
 -2.182285
 -2.182285
 -2.182285
 -2.182285
 -2.182285
 -2.182285
 -2.182285
 -2.182285
 -2.182285
 -2.182285
 -2.182285
 -2.166251
 -2.334807
 -1.720495
 -2.072942
 -1.956733
 -1.956733
 -1.956733
 -1.956733
 -1.956733
 -1.956733
 -1.956733
 -1.956733
 -1.956733
 -1.956733
 -1.956733
 -1.956733
 -1.956733
 -1.956733
 -1.956733
 -1.956733
 -1.956733
 -1.956733
 -1.956733
 -1.956733
 -1.956733
 -1.956733
 -1.956733
 -1.956733
 -1.966795
 -2.215107
 -2.146266
 -2.468241
 -2.275367
 -2.275367
 -2.275367
 -2.275367
 -2.275367
 -2.275367
 -2.275367
 -2.275367
 -2.275367
 -2.275367
 -2.275367
 -2.275367
 -2.275367
 -2.275367
 -2.275367
 -2.275367
 -2.275367
 -2.275367
 -2.275367
 -2.275367
 -2.275367
 -2.275367
 -2.275367
 -2.275367
 -2.115811
 -2.252865
 -1.080316
 -1.171258
 -1.057229
 -1.057229
 -1.057229
 -1.057229
 -1.057229
 -1.057229
 -1.057229
 -1.057229
 -1.057229
 -1.057229
 -1.057229
 -1.057229
 -1.057229
 -1.057229
 -1.057229
 -1.057229
 -1.057229
 -1.057229
 -1.057229
 -1.057229
 -1.057229
 -1.057229
 -1.057229
 -1.057229
 -1.120034
 -1.414988
 -1.283125
 -1.309459
 -1.142253
 -1.142253
 -1.142253
 -1.142253
 -1.142253
 -1.142253
 -0.374410
  0.567125
  1.600038
  2.543864
  3.492081
  3.273555
  2.107779
  0.496771
 -0.522726
 -1.089621
 -1.103086
 -1.142253
 -1.142253
 -1.142253
 -1.142253
 -1.142253
 -1.142253
 -1.142253
 -1.112258
 -1.403380
 -1.449658
 -1.437126
 -1.242245
 -1.242245
 -1.242245
 -1.242245
 -1.242245
 -0.123577
  1.540804
  2.436488
  2.414458
  2.134953
  1.441339
  1.370263
  1.877392
  1.103144
 -0.074576
 -1.040362
 -1.229157
 -1.229610
 -1.242245
 -1.242245
 -1.242245
 -1.242245
 -1.242245
 -1.242245
 -1.047340
 -1.299687
 -1.449658
 -1.437126
 -1.242245
 -1.242245
 -1.242245
 -1.242245
 -0.123577
  1.460130
  1.116152
 -0.726271
 -1.511520
 -3.154006
 -4.993753
 -3.850008
 -1.491198
 -0.433358
 -0.182459
 -0.862890
 -1.585264
 -1.215162
 -1.242245
 -1.242245
 -1.242245
 -1.242245
 -1.242245
 -1.242245
 -1.047340
 -1.299687
 -1.449658
 -1.437126
 -1.242245
 -1.242245
 -1.242245
 -0.898039
  0.550708
  0.057632
 -2.141741
 -4.657004
 -5.492612
 -6.747251
 -6.717318
 -5.748628
 -4.637423
 -2.904241
 -1.240553
 -1.518294
 -2.010626
 -1.373072
 -1.242245
 -1.242245
 -1.242245
 -1.242245
 -1.242245
 -1.242245
 -1.047340
 -1.299687
 -1.449658
 -1.437126
 -1.242245
 -1.242245
 -1.242245
 -0.811707
 -0.865459
 -2.609653
 -3.794978
 -3.908488
 -4.018130
 -2.954163
 -1.872351
 -1.925166
 -2.997217
 -4.040339
 -2.800454
 -2.444976
 -2.237993
 -1.746103
 -1.242245
 -1.242245
 -1.242245
 -1.242245
 -1.242245
 -1.242245
 -1.047340
 -1.299687
 -1.449658
 -1.437126
 -1.242245
 -1.242245
 -1.242245
 -1.722494
 -3.698385
 -5.786004
 -4.304209
 -1.385613
 -0.334141
 -0.691603
  0.369177
  0.463710
 -1.394693
 -3.212818
 -2.128831
 -2.148587
 -2.630645
 -1.911647
 -1.242245
 -1.242245
 -1.242245
 -1.242245
 -1.242245
 -1.242245
 -1.047340
 -1.299687
 -1.449658
 -1.437126
 -1.242245
 -1.242245
 -1.242245
 -1.635040
 -2.311841
 -3.232262
 -1.075650
  0.104657
 -1.138199
 -1.611357
 -0.012067
 -0.326024
 -1.823903
 -2.013117
 -1.891286
 -2.574088
 -2.974836
 -1.812478
 -1.242245
 -1.242245
 -1.242245
 -1.242245
 -1.242245
 -1.242245
 -1.047340
 -1.299687
 -1.449658
 -1.437126
 -1.242245
 -1.242245
 -1.242245
 -0.770550
  0.546564
  0.650286
  0.297248
 -1.335061
 -2.163786
 -0.122323
  0.315349
 -0.879306
 -1.996615
 -2.494258
 -2.575920
 -2.799636
 -2.903510
 -1.667423
 -1.242245
 -1.242245
 -1.242245
 -1.242245
 -1.242245
 -1.242245
 -1.047340
 -1.299687
 -1.449658
 -1.437126
 -1.242245
 -1.242245
 -1.242245
 -0.861247
  0.175608
  0.056709
 -1.142990
 -1.806648
 -1.076188
 -0.472029
 -0.793638
 -1.800131
 -1.875728
 -2.699825
 -2.372467
 -2.939677
 -2.688480
 -1.430255
 -1.242245
 -1.242245
 -1.242245
 -1.242245
 -1.242245
 -1.242245
 -1.047340
 -1.299687
 -1.449658
 -1.437126
 -1.242245
 -1.242245
 -1.242245
 -1.242245
 -1.088856
 -1.117114
 -1.255860
 -0.133458
  0.952091
 -0.054657
 -1.820331
 -2.463484
 -1.926523
 -2.216640
 -2.506036
 -3.256512
 -2.054483
 -1.312173
 -1.242245
 -1.242245
 -1.242245
 -1.242245
 -1.242245
 -1.242245
 -1.047340
 -1.299687
 -1.449658
 -1.437126
 -1.242245
 -1.242245
 -1.242245
 -1.242245
 -1.242245
 -1.242245
 -1.076761
  0.228860
  0.249190
 -0.674522
 -2.317071
 -2.034071
 -1.713671
 -2.083947
 -3.174819
 -2.631483
 -1.518836
 -1.250548
 -1.242245
 -1.242245
 -1.242245
 -1.242245
 -1.242245
 -1.242245
 -1.047340
 -1.299687
 -1.449658
 -1.437126
 -1.242245
 -1.242245
 -1.242245
 -1.242245
 -1.242245
 -1.242245
  0.030330
  0.204034
 -1.205672
 -1.905672
 -1.619542
 -1.078215
 -1.607510
 -2.904896
 -2.960324
 -1.773676
 -1.294557
 -1.242245
 -1.242245
 -1.242245
 -1.242245
 -1.242245
 -1.242245
 -1.242245
 -1.047340
 -1.299687
 -1.449658
 -1.437126
 -1.242245
 -1.242245
 -1.242245
 -1.242245
 -1.242245
 -0.725937
  0.516468
 -0.208542
 -2.059046
 -2.241353
 -1.627567
 -1.483839
 -2.445947
 -3.324486
 -2.003347
 -1.380962
 -1.242245
 -1.242245
 -1.242245
 -1.242245
 -1.242245
 -1.242245
 -1.242245
 -1.242245
 -1.047340
 -1.299687
 -1.449658
 -1.437126
 -1.242245
 -1.242245
 -1.242245
 -1.242245
 -1.116477
  0.107354
 -0.093587
 -0.930016
 -1.710852
 -1.063785
 -1.619443
 -2.123148
 -3.207161
 -2.528048
 -1.444109
 -1.252209
 -1.242245
 -1.242245
 -1.242245
 -1.242245
 -1.242245
 -1.242245
 -1.242245
 -1.242245
 -1.047340
 -1.299687
 -1.449658
 -1.437126
 -1.242245
 -1.242245
 -1.242245
 -1.242245
 -0.384174
  0.489118
 -0.391484
 -1.722623
 -1.774472
 -1.543989
 -2.060289
 -2.799394
 -3.097404
 -1.737897
 -1.271307
 -1.242245
 -1.242245
 -1.242245
 -1.242245
 -1.242245
 -1.242245
 -1.242245
 -1.242245
 -1.242245
 -1.047340
 -1.299687
 -1.449658
 -1.437126
 -1.242245
 -1.242245
 -1.242245
 -1.242245
  0.062733
 -0.243698
 -0.730027
 -2.170940
 -2.122285
 -2.543613
 -2.394094
 -3.230743
 -2.378889
 -1.378471
 -1.242245
 -1.242245
 -1.242245
 -1.242245
 -1.242245
 -1.242245
 -1.242245
 -1.242245
 -1.242245
 -1.242245
 -1.047340
 -1.299687
 -1.449658
 -1.437126
 -1.242245
 -1.242245
 -1.242245
 -1.242245
 -0.860773
 -1.772040
 -1.247063
 -0.635001
 -0.391675
 -1.489984
 -2.481955
 -2.468951
 -1.369433
 -1.094245
 -1.174544
 -1.063986
 -0.927242
 -0.732042
  0.145602
  1.107794
  1.748794
  1.723288
  0.841219
 -0.283669
 -0.943932
 -1.238910
 -1.449658
 -1.437126
 -1.242245
 -1.242245
 -1.242245
 -1.242245
 -1.242459
 -2.182213
 -0.765054
  1.568916
  2.845618
  2.409716
  1.411746
  2.893040
  2.985246
  2.406667
  1.953570
  2.523079
  3.186060
  3.603715
  3.337673
  2.636861
  2.301863
  2.378736
  1.653100
  0.690862
 -0.309948
 -1.318518
 -1.449658
 -1.437126
 -1.242245
 -1.242245
 -1.242245
 -1.242245
 -0.845847
 -2.335695
 -0.889441
 -0.090128
 -0.240415
 -0.912223
 -0.720684
  0.548121
  1.039547
  1.786144
  2.184060
  1.740052
  1.050483
  0.678858
 -0.262805
 -2.097586
 -3.036560
 -3.672092
 -3.513103
 -1.903186
 -1.230194
 -1.793080
 -1.449658
 -1.437126
 -1.242245
 -1.242245
 -1.242245
 -1.242245
 -1.320899
 -3.978918
 -3.665589
 -5.025056
 -6.926714
 -7.130813
 -5.598322
 -4.094070
 -2.994822
 -2.584074
 -3.410129
 -5.173307
 -6.544469
 -7.260463
 -7.637219
 -7.959978
 -7.117441
 -6.837763
 -6.300226
 -3.662299
 -2.000654
 -2.116334
 -1.449658
 -1.437126
 -1.242245
 -1.242245
 -1.242245
 -1.242245
 -0.539407
 -2.741449
 -3.815967
 -5.670719
 -6.934835
 -7.136416
 -7.258442
 -7.707768
 -8.234699
 -8.175661
 -7.787769
 -6.862318
 -6.388165
 -5.388285
 -4.491535
 -3.929626
 -2.850404
 -2.401394
 -3.265532
 -2.672307
 -1.986131
 -2.311762
 -1.449658
 -1.437126
 -1.242245
 -1.242245
 -1.242245
 -1.242245
  0.469348
  0.198764
 -0.782098
 -1.252201
 -1.650834
 -2.428689
 -3.502650
 -4.429505
 -4.788069
 -4.275882
 -3.108063
 -2.157008
 -1.614117
 -0.345513
  0.074264
 -0.371431
 -0.351546
 -0.478489
 -1.303251
 -2.003456
 -1.921468
 -1.950379
 -1.449658
 -1.437126
 -1.242245
 -1.242245
 -1.242245
 -1.242245
 -0.381289
  0.540599
  0.466034
  0.551555
  0.102131
 -0.041706
  0.197502
  0.344494
  0.538300
  0.028170
 -0.211012
 -0.526898
 -0.686980
 -0.606721
 -0.819479
 -1.170189
 -1.302265
 -1.208735
 -1.356689
 -1.583124
 -1.344472
 -1.463309
 -1.449658
 -1.437126
 -1.242245
 -1.242245
 -1.242245
 -1.242245
 -1.242245
 -0.658378
 -0.496353
 -0.622076
 -0.765256
 -0.656304
 -0.179950
 -0.126666
 -0.273794
 -0.895860
 -1.240454
 -1.168439
 -1.424221
 -1.603800
 -1.533520
 -1.392191
 -1.276289
 -1.242245
 -1.242245
 -1.242245
 -1.047340
 -1.299687
 -1.449658
 -1.437126
 -1.242245
 -1.242245
 -1.242245
 -1.242245
 -1.242245
 -1.242245
 -1.242245
 -1.242245
 -1.242245
 -1.242245
 -1.242245
 -1.242245
 -1.242245
 -1.242245
 -1.242245
 -1.242245
 -1.242245
 -1.242245
 -1.242245
 -1.242245
 -1.242245
 -1.242245
 -1.242245
 -1.242245
 -1.047340
 -1.299687
 -0.786019
 -0.777264
 -0.568347
 -0.568347
 -0.568347
 -0.568347
 -0.568347
 -0.568347
 -0.568347
 -0.568347
 -0.568347
 -0.568347
 -0.568347
 -0.568347
 -0.568347
 -0.568347
 -0.568347
 -0.568347
 -0.568347
 -0.568347
 -0.568347
 -0.568347
 -0.568347
 -0.568347
 -0.568347
 -0.568347
 -0.594054
 -1.099801
 -1.137858
 -1.103716
 -0.921792
 -0.921792
 -0.921792
 -0.921792
 -0.921792
 -0.921792
 -0.921792
 -0.921792
 -0.921792
 -0.921792
 -0.921792
 -0.921792
 -0.921792
 -0.921792
 -0.921792
 -0.921792
 -0.921792
 -0.921792
 -0.921792
 -0.921792
 -0.921792
 -0.921792
 -0.921792
 -0.921792
 -0.896769
 -1.204032
