 -0.424213
 -0.424213
 -0.424213
 -0.424213
 -0.424213
 -0.424213
 -0.424213
 -0.424213
 -0.424213
 -0.424213
 -0.424213
 -0.424213
 -0.424213
 -0.424213
 -0.424213
 -0.424213
 -0.424213
 -0.424213
 -0.424213
 -0.424213
 -0.424213
 -0.424213
 -0.424213
 -0.424213
 -0.424213
 -0.424213
 -0.424213
 -0.424213
 -0.424213
 -0.424213
 -0.424213
 -0.424213
 -0.424213
 -0.424213
 -0.424213
 -0.424213
 -0.424213
 -0.424213
 -0.424213
 -0.424213
 -0.424213
 -0.424213
 -0.424213
 -0.424213
 -0.424213
 -0.424213
 -0.424213
 -0.424213
 -0.424213
 -0.424213
 -0.424213
 -0.424213
 -0.424213
 -0.424213
 -0.424213
 -0.424213
 -0.424213
 -0.424213
 -0.424213
 -0.424213
 -0.424213
 -0.424213
 -0.424213
 -0.424213
 -0.424213
 -0.424213
 -0.424213
 -0.424213
 -0.424213
 -0.424213
 -0.424213
 -0.424213
 -0.424213
 -0.424213
 -0.424213
 -0.424213
 -0.424213
 -0.424213
 -0.424213
 -0.424213
 -0.424213
 -0.424213
 -0.424213
 -0.424213
 -0.424213
 -0.424213
 -0.424213
 -0.424213
 -0.424213
 -0.424213
 -0.424213
 -0.424213
 -0.424213
 -0.424213
  1.052262
  1.166816
  1.752315
  2.821487
  2.821487
  1.485022
  0.759513
 -0.424213
 -0.424213
 -0.424213
 -0.424213
 -0.424213
 -0.424213
 -0.424213
 -0.424213
 -0.424213
 -0.424213
 -0.424213
 -0.424213
 -0.424213
 -0.424213
 -0.424213
 -0.424213
 -0.424213
 -0.424213
 -0.424213
 -0.424213
  1.726859
  2.796030
  2.796030
  2.796030
  2.796030
  2.796030
  2.796030
  2.350542
 -0.042366
 -0.424213
 -0.424213
 -0.424213
 -0.424213
 -0.424213
 -0.424213
 -0.424213
 -0.424213
 -0.424213
 -0.424213
 -0.424213
 -0.424213
 -0.424213
 -0.424213
 -0.424213
 -0.424213
 -0.424213
 -0.424213
  1.726859
  2.796030
  2.796030
  2.796030
  2.286901
  1.383196
  1.815956
  2.796030
  2.796030
  1.128631
 -0.424213
 -0.424213
 -0.424213
 -0.424213
 -0.424213
 -0.424213
 -0.424213
 -0.424213
 -0.424213
 -0.424213
 -0.424213
 -0.424213
 -0.424213
 -0.424213
 -0.424213
 -0.424213
 -0.424213
  0.237655
  2.757846
  2.796030
  2.248716
 -0.016909
 -0.271474
 -0.424213
 -0.347844
  2.197803
  2.796030
  1.357740
 -0.424213
 -0.424213
 -0.424213
 -0.424213
 -0.424213
 -0.424213
 -0.424213
 -0.424213
 -0.424213
 -0.424213
 -0.424213
 -0.424213
 -0.424213
 -0.424213
 -0.424213
 -0.424213
 -0.424213
  0.555861
  2.770574
  2.248716
 -0.106007
 -0.424213
 -0.424213
 -0.424213
  1.128631
  2.732389
  2.796030
  0.403122
 -0.424213
 -0.424213
 -0.424213
 -0.424213
 -0.424213
 -0.424213
 -0.424213
 -0.424213
 -0.424213
 -0.424213
 -0.424213
 -0.424213
 -0.424213
 -0.424213
 -0.424213
 -0.424213
 -0.424213
 -0.424213
 -0.029638
 -0.195105
 -0.424213
 -0.424213
 -0.424213
 -0.424213
  2.235988
  2.796030
  2.796030
  0.403122
 -0.424213
 -0.424213
 -0.424213
 -0.424213
 -0.424213
 -0.424213
 -0.424213
 -0.424213
 -0.424213
 -0.424213
 -0.424213
 -0.424213
 -0.424213
 -0.424213
 -0.424213
 -0.424213
 -0.424213
 -0.424213
 -0.424213
 -0.424213
 -0.424213
 -0.424213
 -0.424213
  1.064990
  2.719661
  2.796030
  2.095977
 -0.296931
 -0.424213
 -0.424213
 -0.424213
 -0.424213
 -0.424213
 -0.424213
 -0.424213
 -0.424213
 -0.424213
 -0.424213
 -0.424213
 -0.424213
 -0.424213
 -0.424213
 -0.424213
 -0.424213
 -0.424213
 -0.424213
 -0.424213
 -0.424213
 -0.424213
 -0.424213
  0.543133
  2.719661
  2.796030
  2.516009
  0.377666
 -0.424213
 -0.424213
 -0.424213
 -0.424213
 -0.424213
 -0.424213
 -0.424213
 -0.424213
 -0.424213
 -0.424213
 -0.424213
 -0.424213
 -0.424213
 -0.424213
 -0.424213
 -0.424213
 -0.424213
 -0.424213
 -0.424213
 -0.424213
 -0.424213
 -0.424213
 -0.424213
  1.205001
  2.796030
  2.796030
  1.408653
 -0.424213
 -0.424213
 -0.424213
 -0.424213
 -0.424213
 -0.424213
 -0.424213
 -0.424213
 -0.424213
 -0.424213
 -0.424213
 -0.424213
 -0.424213
 -0.424213
 -0.424213
 -0.424213
 -0.424213
 -0.424213
 -0.424213
 -0.424213
 -0.424213
 -0.424213
 -0.424213
  1.815956
  2.706933
  2.796030
  1.599576
 -0.271474
 -0.424213
 -0.424213
 -0.424213
 -0.424213
 -0.424213
 -0.424213
 -0.424213
 -0.424213
 -0.424213
 -0.424213
 -0.424213
 -0.424213
 -0.424213
 -0.424213
 -0.424213
 -0.424213
 -0.424213
 -0.424213
 -0.424213
 -0.424213
 -0.424213
 -0.424213
 -0.106007
  2.554194
  2.796030
  2.541466
  0.021275
 -0.424213
 -0.424213
 -0.424213
 -0.424213
 -0.424213
 -0.424213
 -0.424213
 -0.424213
 -0.424213
 -0.424213
 -0.424213
 -0.424213
 -0.424213
 -0.424213
 -0.424213
 -0.424213
 -0.424213
 -0.424213
 -0.424213
 -0.424213
 -0.424213
 -0.424213
 -0.424213
  2.095977
  2.796030
  2.796030
  1.370468
 -0.424213
 -0.424213
 -0.424213
 -0.424213
 -0.424213
 -0.424213
 -0.424213
 -0.424213
 -0.424213
 -0.424213
 -0.424213
 -0.424213
 -0.424213
 -0.424213
 -0.424213
 -0.424213
 -0.424213
 -0.424213
 -0.424213
 -0.424213
 -0.424213
 -0.424213
 -0.424213
  0.568589
  2.732389
  2.796030
  1.981423
 -0.271474
 -0.424213
 -0.424213
 -0.424213
 -0.424213
 -0.424213
 -0.424213
 -0.424213
 -0.424213
 -0.424213
 -0.424213
 -0.424213
 -0.424213
 -0.424213
 -0.424213
 -0.424213
 -0.424213
 -0.424213
 -0.424213
 -0.424213
 -0.424213
 -0.424213
 -0.424213
 -0.182377
  2.121434
  2.796030
  2.796030
  1.370468
 -0.424213
 -0.424213
 -0.424213
 -0.424213
 -0.424213
 -0.424213
 -0.424213
 -0.424213
 -0.424213
 -0.424213
 -0.424213
 -0.424213
 -0.424213
 -0.424213
 -0.424213
 -0.424213
 -0.424213
 -0.424213
 -0.424213
 -0.424213
 -0.424213
 -0.424213
 -0.424213
  1.281371
  2.796030
  2.796030
  1.777772
 -0.271474
 -0.424213
 -0.424213
 -0.424213
 -0.424213
 -0.424213
 -0.424213
 -0.424213
 -0.424213
 -0.424213
 -0.424213
 -0.424213
 -0.424213
 -0.424213
 -0.424213
 -0.424213
 -0.424213
 -0.424213
 -0.424213
 -0.424213
 -0.424213
 -0.424213
 -0.424213
 -0.424213
  2.732389
  2.796030
  2.796030
 -0.106007
 -0.424213
 -0.424213
 -0.424213
 -0.424213
 -0.424213
 -0.424213
 -0.424213
 -0.424213
 -0.424213
 -0.424213
 -0.424213
 -0.424213
 -0.424213
 -0.424213
 -0.424213
 -0.424213
 -0.424213
 -0.424213
 -0.424213
 -0.424213
 -0.424213
 -0.424213
 -0.424213
 -0.424213
  2.732389
  2.796030
  2.796030
  0.123101
 -0.169648
 -0.169648
 -0.169648
 -0.169648
 -0.360572
 -0.424213
 -0.360572
 -0.169648
 -0.169648
  0.046732
  1.485022
  1.485022
  1.485022
  1.446838
 -0.296931
 -0.424213
 -0.424213
 -0.424213
 -0.424213
 -0.424213
 -0.424213
 -0.424213
 -0.424213
 -0.424213
  2.732389
  2.796030
  2.796030
  2.796030
  2.796030
  2.796030
  2.796030
  2.796030
  1.714130
  1.395925
  1.688674
  2.796030
  2.796030
  2.796030
  2.796030
  2.796030
  2.796030
  2.796030
  1.141360
 -0.424213
 -0.424213
 -0.424213
 -0.424213
 -0.424213
 -0.424213
 -0.424213
 -0.424213
 -0.424213
  1.790500
  2.796030
  2.796030
  2.796030
  2.796030
  2.796030
  2.796030
  2.796030
  2.796030
  2.796030
  2.796030
  2.796030
  2.745117
  2.719661
  2.719661
  1.726859
  1.064990
  1.064990
  0.301296
 -0.424213
 -0.424213
 -0.424213
 -0.424213
 -0.424213
 -0.424213
 -0.424213
 -0.424213
 -0.424213
 -0.424213
  1.077719
  1.141360
  1.141360
  1.141360
  1.688674
  2.796030
  2.796030
  2.796030
  1.548663
  1.141360
  1.141360
  0.097645
 -0.424213
 -0.424213
 -0.424213
 -0.424213
 -0.424213
 -0.424213
 -0.424213
 -0.424213
 -0.424213
 -0.424213
 -0.424213
 -0.424213
 -0.424213
 -0.424213
 -0.424213
 -0.424213
 -0.424213
 -0.424213
 -0.424213
 -0.424213
 -0.424213
 -0.424213
 -0.424213
 -0.424213
 -0.424213
 -0.424213
 -0.424213
 -0.424213
 -0.424213
 -0.424213
 -0.424213
 -0.424213
 -0.424213
 -0.424213
 -0.424213
 -0.424213
 -0.424213
 -0.424213
 -0.424213
 -0.424213
 -0.424213
 -0.424213
 -0.424213
 -0.424213
 -0.424213
 -0.424213
 -0.424213
 -0.424213
 -0.424213
 -0.424213
 -0.424213
 -0.424213
 -0.424213
 -0.424213
 -0.424213
 -0.424213
 -0.424213
 -0.424213
 -0.424213
 -0.424213
 -0.424213
 -0.424213
 -0.424213
 -0.424213
 -0.424213
 -0.424213
 -0.424213
 -0.424213
 -0.424213
 -0.424213
 -0.424213
 -0.424213
 -0.424213
 -0.424213
 -0.424213
 -0.424213
 -0.424213
 -0.424213
 -0.424213
 -0.424213
 -0.424213
 -0.424213
 -0.424213
 -0.424213
 -0.424213
 -0.424213
 -0.424213
 -0.424213
 -0.424213
 -0.424213
 -0.424213
 -0.424213
 -0.424213
 -0.424213
 -0.424213
 -0.424213
 -0.424213
 -0.424213
 -0.424213
 -0.424213
 -0.424213
 -0.424213
 -0.424213
 -0.424213
 -0.424213
 -0.424213
 -0.424213
 -0.424213
 -0.424213
 -0.424213
 -0.424213
 -0.424213
 -0.424213
 -0.424213
 -0.424213
 -0.424213
 -0.424213
 -0.424213
 -0.424213
 -0.424213
 -0.424213
 -0.424213
 -0.424213
 -0.424213
 -0.424213
 -0.424213
 -0.424213
 -0.424213
 -0.424213
 -0.424213
 -0.424213
 -0.424213
 -0.424213
 -0.424213
 -0.424213
 -0.424213
 -0.424213
 -0.424213
 -0.424213
 -0.424213
 -0.424213
 -0.424213
 -0.424213
 -0.424213
 -0.424213
 -0.424213
 -0.424213
