-76.964645
213.298859
-23.236330
-58.506134
-130.594925
-279.195251
-65.183083
142.928879
-332.656006
-66.054222
-24.669809
 23.393726
-588.784546
-99.067650
-31.923000
-87.754875
-11.353187
235.256531
  8.793024
-337.261841
-46.130241
124.094009
-210.472366
-134.161011
-102.314621
-102.912590
111.803207
 69.939919
-104.370956
-296.957428
-79.539719
-86.629608
199.771622
-322.471375
-364.728394
-38.850380
-53.423729
-293.145081
-266.710480
-43.740147
 29.971910
-387.074768
 20.805473
-91.274269
172.954407
 87.932686
-57.824799
 93.398888
-199.085190
 10.496754
-136.065140
 10.604042
-28.219631
-98.683029
-233.814697
-40.049877
-65.274002
-183.478195
-454.475494
-110.420631
-134.657455
-28.688787
-369.753510
-324.307648
  2.294423
 31.068413
-355.400574
-85.003464
-193.087311
-16.426334
-419.391815
-355.714081
-157.563751
-84.159409
-167.106674
-198.162155
-52.811188
-263.960327
-151.791397
-94.909172
-186.332733
 20.484598
-134.634338
-18.475233
 -1.363671
-83.459061
284.123413
-25.950453
-17.224733
-23.672409
-141.947174
-19.565151
-90.589172
-163.822830
-247.603607
-125.428772
-148.683426
-64.945389
-26.477913
-73.954117
 -6.505513
-77.186462
-11.243511
-75.051125
-44.843937
 44.827362
-44.333328
-18.451998
-307.831665
-306.237549
-25.016016
-67.528229
-33.743111
-46.637577
 18.425013
-34.224480
-69.898079
-42.022915
-98.590271
-102.751167
