  0.442724
  9.122270
  2.930094
  0.376507
  0.000000
  0.000000
  0.000000
  5.057943
  0.103251
  0.000000
  0.000000
  0.000000
  6.229481
  0.000000
  0.044765
  9.209637
 25.810337
 20.560844
 19.766352
 21.582365
  8.528905
 20.757210
 19.197262
 16.059809
 11.708864
 13.569721
  6.506619
  8.350588
  3.536113
  0.675480
  9.028859
 20.205826
  4.703951
  5.613706
  0.000000
 17.792810
 16.490387
  1.350234
  2.615468
  2.435683
  7.502650
  0.000000
  1.213023
  8.926875
  8.879701
  0.000000
  0.000000
  0.000000
  0.000000
  0.000000
  0.000000
  0.000000
  0.173401
  1.167099
  1.045090
  2.801983
  8.679193
  0.000000
  0.000000
  0.786250
  3.139740
  3.900615
  0.000000
  1.346060
  3.826973
  3.922362
  3.895680
  6.142207
  9.798880
  8.703394
  2.679671
  0.000000
  0.000000
  0.000000
  0.000000
  3.773342
  9.776595
  3.031865
  0.000000
  0.000000
  9.327975
  6.060843
  0.000000
  0.000000
  0.004340
  0.000000
  0.000000
  0.000000
  1.773041
  3.249324
  0.000000
  0.000000
  3.015236
 12.638958
 12.372302
 10.949931
 15.700915
 17.474934
 18.229996
 17.150757
  0.111325
  0.360154
  0.000000
  0.006439
  0.000000
  0.166340
  0.305548
  0.145752
  0.081290
  0.000000
  0.134715
  0.000000
  0.417983
  0.032030
  0.072311
  0.145503
  0.087459
  0.033774
  0.000000
  0.000000
  0.000000
  0.034435
  0.000000
  0.000000
  0.000000
 16.223053
 20.675407
  5.127163
  0.994834
  0.149074
 12.045311
  6.553384
  0.000000
  0.000000
  0.000000
  0.000000
  0.000000
  0.000000
  0.000000
  0.000000
  0.000000
  0.000000
  0.762195
  3.237246
  6.831700
 11.950547
 20.475126
 28.463207
 29.875147
 24.297035
  9.342248
 14.397932
  2.042979
  0.994710
  0.244166
  2.039572
  0.000000
  0.862772
  2.363567
  0.000000
  0.000000
  0.434258
  2.972349
  0.777581
  1.359604
  0.000000
  0.000000
  0.000000
  0.706060
  4.617778
  4.432316
  7.341988
 11.871593
 16.473888
 14.336780
 11.328757
  3.408203
  1.188797
  4.776034
  6.183404
  6.162879
  7.226940
  0.000000
 11.504435
  6.390142
  4.546096
  0.000000
 23.946486
 18.515520
 13.695576
  8.494230
  0.000000
  4.414741
  0.000000
  0.000000
  5.952390
  2.938374
  0.399035
  2.610722
  2.662594
  3.686592
  5.797969
  0.000000
  0.995787
  0.000000
  0.000000
  0.000000
  1.079723
  2.205987
  0.541507
  0.000000
  0.436990
  4.842941
  1.037141
  3.521062
  0.960356
 18.467531
  9.408242
  5.500116
  5.300901
  1.290592
 26.087990
 15.664482
  7.133340
  0.132019
  0.000000
  0.000000
  0.000000
  0.000000
  0.000000
  0.000000
  0.000000
  0.000000
  0.000000
  0.000000
  0.000000
  0.130354
  0.000000
  0.000000
  0.000000
  0.000000
  0.000000
  0.000000
  0.000000
  0.000000
  0.000000
  0.000000
  0.000000
  0.000000
  0.000000
  0.000000
  0.000000
  0.000000
  0.000000
  0.000000
  0.000000
  0.000000
  0.314625
  0.073057
  0.000000
  0.000000
  0.000000
  0.000000
  0.125526
  0.000000
  0.000000
  0.000000
  0.000000
  0.299297
  0.000000
  0.000000
  0.000000
  0.000000
  0.000000
  0.000000
  0.000000
  0.000000
 11.480947
 12.996738
  1.412040
  0.000000
  0.000000
  0.000000
  0.000000
  0.000000
  0.000000
  0.000000
  0.000000
  4.036666
  1.185029
  0.000000
  0.000000
  7.765811
  0.000000
  1.422213
  0.000000
  9.585423
 12.834491
  0.918949
  0.000000
  0.000000
  0.000000
  0.000000
 15.348372
 10.534410
  7.352067
  5.359784
  0.000000
  0.586456
  0.154649
  2.645455
  1.813116
  0.000000
  5.198026
  0.000000
  0.000000
  0.000000
  0.000000
  0.000000
  0.000000
  1.463531
  0.000000
  0.000000
  0.000000
  0.000000
  0.000000
  0.000000
 16.182024
 20.348553
  0.000000
  0.000000
  0.000000
  0.342255
  0.729226
  0.000000
  0.000000
  0.000000
  0.000000
  0.000000
  0.000000
  0.000000
  0.000000
  1.729791
  5.575396
  7.539158
  0.000000
  0.000000
  1.043301
  0.000000
  0.000000
  0.000000
  0.000000
  0.000000
  5.699600
  4.625869
  0.000000
  0.000000
  0.000000
  5.886283
  2.037704
  9.190856
  5.572124
  7.554512
  2.362528
  0.908897
 10.844316
  9.534241
 14.418826
  3.393266
  0.000000
  0.000000
  0.000000
  0.000000
  0.000000
  0.000000
  0.000000
  0.945129
 12.714197
  3.110397
  2.661259
  0.000000
 15.878997
 21.011503
  1.552837
  5.480095
  4.144396
 23.805126
 13.663210
  4.730145
  3.691000
  6.078596
 15.660269
  0.000000
  0.000000
  0.000000
  0.000000
  0.000000
  0.000000
  0.000000
  0.000000
