-100.782043
-103.686890
 -1.868836
-53.215660
 56.532764
-194.069839
-36.974316
 89.370804
-182.605667
-85.056808
-248.593597
 -8.741123
-183.530899
-12.054090
-40.209713
 -6.047945
137.363892
  2.121417
  6.182992
-37.815609
-58.035053
 12.328753
-141.281219
  8.650983
-159.963181
 -0.188465
-66.662926
539.131348
 36.988403
 -2.602601
-160.480240
-65.016335
-115.420250
-127.229805
-258.744537
 98.926567
-36.387886
 39.199734
-262.732697
-168.089172
-127.087349
-266.963470
152.479614
168.555984
-211.131439
 -6.643312
-126.694061
132.278961
-74.850327
-426.845245
-138.391403
651.528564
-61.917332
-166.719498
171.265305
-63.321667
-54.980827
-326.885010
-221.884323
 51.190998
 13.608694
-52.094501
-216.654984
167.049088
 13.199484
 72.006943
-254.907776
-177.367371
466.702545
-185.128494
-86.506058
441.252136
-277.451141
  6.231471
-96.256317
-49.482822
-55.927750
 18.638927
-443.057434
 63.647629
-166.902283
 60.257092
-226.343750
-82.100616
