  0.000000
213.298859
  0.000000
  0.000000
  0.000000
  0.000000
  0.000000
142.928879
  0.000000
  0.000000
  0.000000
 23.393726
  0.000000
  0.000000
  0.000000
  0.000000
  0.000000
235.256531
  8.793024
  0.000000
  0.000000
124.094009
  0.000000
  0.000000
  0.000000
  0.000000
111.803207
 69.939919
  0.000000
  0.000000
  0.000000
  0.000000
199.771622
  0.000000
  0.000000
  0.000000
  0.000000
  0.000000
  0.000000
  0.000000
 29.971910
  0.000000
 20.805473
  0.000000
172.954407
 87.932686
  0.000000
 93.398888
  0.000000
 10.496754
  0.000000
 10.604042
  0.000000
  0.000000
  0.000000
  0.000000
  0.000000
  0.000000
  0.000000
  0.000000
  0.000000
  0.000000
  0.000000
  0.000000
  2.294423
 31.068413
  0.000000
  0.000000
  0.000000
  0.000000
  0.000000
  0.000000
  0.000000
  0.000000
  0.000000
  0.000000
  0.000000
  0.000000
  0.000000
  0.000000
  0.000000
 20.484598
  0.000000
  0.000000
  0.000000
  0.000000
284.123413
  0.000000
  0.000000
  0.000000
  0.000000
  0.000000
  0.000000
  0.000000
  0.000000
  0.000000
  0.000000
  0.000000
  0.000000
  0.000000
  0.000000
  0.000000
  0.000000
  0.000000
  0.000000
 44.827362
  0.000000
  0.000000
  0.000000
  0.000000
  0.000000
  0.000000
  0.000000
  0.000000
 18.425013
  0.000000
  0.000000
  0.000000
  0.000000
  0.000000
