  0.000000
  0.000000
  0.000000
  0.000000
 56.532764
  0.000000
  0.000000
 89.370804
  0.000000
  0.000000
  0.000000
  0.000000
  0.000000
  0.000000
  0.000000
  0.000000
137.363892
  2.121417
  6.182992
  0.000000
  0.000000
 12.328753
  0.000000
  8.650983
  0.000000
  0.000000
  0.000000
539.131348
 36.988403
  0.000000
  0.000000
  0.000000
  0.000000
  0.000000
  0.000000
 98.926567
  0.000000
 39.199734
  0.000000
  0.000000
  0.000000
  0.000000
152.479614
168.555984
  0.000000
  0.000000
  0.000000
132.278961
  0.000000
  0.000000
  0.000000
651.528564
  0.000000
  0.000000
171.265305
  0.000000
  0.000000
  0.000000
  0.000000
 51.190998
 13.608694
  0.000000
  0.000000
167.049088
 13.199484
 72.006943
  0.000000
  0.000000
466.702545
  0.000000
  0.000000
441.252136
  0.000000
  6.231471
  0.000000
  0.000000
  0.000000
 18.638927
  0.000000
 63.647629
  0.000000
 60.257092
  0.000000
  0.000000
